-1.3878e-17, 0.1, 0.1, -1.3878e-17, -3.5, -3.5, -2.5, -2.5, 1.02196, -0.0218155, -0.480962, 204052
0.1, 0.2, 0.2, 0.1, -3.5, -3.5, -2.5, -2.5, 1.0255, -0.00282517, 0.260114, 204005
0.2, 0.3, 0.3, 0.2, -3.5, -3.5, -2.5, -2.5, 0.999448, 0.0320958, 0.208012, 203960
0.3, 0.4, 0.4, 0.3, -3.5, -3.5, -2.5, -2.5, 0.987538, 0.0716546, 0.186465, 203896
0.4, 0.5, 0.5, 0.4, -3.5, -3.5, -2.5, -2.5, 0.978816, 0.117171, 0.178996, 203839
0.5, 0.6, 0.6, 0.5, -3.5, -3.5, -2.5, -2.5, 0.978921, 0.193998, 0.157673, 203764
0.6, 0.7, 0.7, 0.6, -3.5, -3.5, -2.5, -2.5, 0.978131, 0.268064, 0.151903, 203677
0.7, 0.8, 0.8, 0.7, -3.5, -3.5, -2.5, -2.5, 0.976378, 0.305393, 0.140129, 203650
0.8, 0.9, 0.9, 0.8, -3.5, -3.5, -2.5, -2.5, 0.974947, 0.337759, 0.133237, 203611
0.9, 1, 1, 0.9, -3.5, -3.5, -2.5, -2.5, 0.97347, 0.33253, 0.12202, 203565
1, 1.1, 1.1, 1, -3.5, -3.5, -2.5, -2.5, 0.972074, 0.352764, 0.132224, 203552
1.1, 1.2, 1.2, 1.1, -3.5, -3.5, -2.5, -2.5, 0.969989, 0.310269, 0.116878, 203485
1.2, 1.3, 1.3, 1.2, -3.5, -3.5, -2.5, -2.5, 0.967106, 0.192883, 0.124091, 203383
1.3, 1.4, 1.4, 1.3, -3.5, -3.5, -2.5, -2.5, 0.967912, 0.11778, 0.171414, 203281
1.4, 1.5, 1.5, 1.4, -3.5, -3.5, -2.5, -2.5, 0.966141, 0.141827, 0.206831, 203074
1.5, 1.6, 1.6, 1.5, -3.5, -3.5, -2.5, -2.5, 0.968516, 0.195968, 0.247388, 202889
1.6, 1.7, 1.7, 1.6, -3.5, -3.5, -2.5, -2.5, 0.968317, 0.273618, 0.242115, 202739
1.7, 1.8, 1.8, 1.7, -3.5, -3.5, -2.5, -2.5, 0.996074, 0.350401, 0.23416, 202625
1.8, 1.9, 1.9, 1.8, -3.5, -3.5, -2.5, -2.5, 0.977225, 0.534296, 0.285591, 202669
1.9, 2, 2, 1.9, -3.5, -3.5, -2.5, -2.5, 0.973561, 0.956665, 0.359672, 202864
2, 2.1, 2.1, 2, -3.5, -3.5, -2.5, -2.5, 0.971467, 1.55315, 0.259865, 203235
2.1, 2.2, 2.2, 2.1, -3.5, -3.5, -2.5, -2.5, 1.00064, 2.38692, 0.215843, 203903
2.2, 2.3, 2.3, 2.2, -3.5, -3.5, -2.5, -2.5, 0.988812, 3.5036, 0.209195, 204888
2.3, 2.4, 2.4, 2.3, -3.5, -3.5, -2.5, -2.5, 1.00882, 5.2017, 0.2222, 206324
2.4, 2.5, 2.5, 2.4, -3.5, -3.5, -2.5, -2.5, 1.00029, 7.12363, 0.242938, 208309
2.5, 2.6, 2.6, 2.5, -3.5, -3.5, -2.5, -2.5, 1.02319, 9.51237, 0.286134, 210858
2.6, 2.7, 2.7, 2.6, -3.5, -3.5, -2.5, -2.5, 1.01998, 11.7733, 0.385352, 213600
2.7, 2.8, 2.8, 2.7, -3.5, -3.5, -2.5, -2.5, 1.02367, 14.8782, 0.49901, 216518
2.8, 2.9, 2.9, 2.8, -3.5, -3.5, -2.5, -2.5, 1.03523, 19.1802, 0.374495, 219264
2.9, 3, 3, 2.9, -3.5, -3.5, -2.5, -2.5, 1.05663, 22.2712, 0.302485, 220653
3, 3.1, 3.1, 3, -3.5, -3.5, -2.5, -2.5, 1.04677, 23.2623, 0.2919, 221821
3.1, 3.2, 3.2, 3.1, -3.5, -3.5, -2.5, -2.5, 1.06171, 24.7175, 0.216001, 222733
3.2, 3.3, 3.3, 3.2, -3.5, -3.5, -2.5, -2.5, 1.05773, 25.7006, 0.167966, 223534
3.3, 3.4, 3.4, 3.3, -3.5, -3.5, -2.5, -2.5, 1.06486, 26.0699, 0.128316, 223871
3.4, 3.5, 3.5, 3.4, -3.5, -3.5, -2.5, -2.5, 1.06171, 25.5328, 0.130397, 224173
3.5, 3.6, 3.6, 3.5, -3.5, -3.5, -2.5, -2.5, 1.06057, 23.5978, 0.101316, 222187
3.6, 3.7, 3.7, 3.6, -3.5, -3.5, -2.5, -2.5, 1.05421, 20.1904, 0.0678843, 219241
3.7, 3.8, 3.8, 3.7, -3.5, -3.5, -2.5, -2.5, 1.04477, 15.9522, 0.0677233, 215306
3.8, 3.9, 3.9, 3.8, -3.5, -3.5, -2.5, -2.5, 1.03389, 11.6005, 0.054437, 211130
3.9, 4, 4, 3.9, -3.5, -3.5, -2.5, -2.5, 1.02295, 7.74676, 0.0536963, 207338
4, 4.1, 4.1, 4, -3.5, -3.5, -2.5, -2.5, 1.01385, 4.70112, 0.0521774, 204263
4.1, 4.2, 4.2, 4.1, -3.5, -3.5, -2.5, -2.5, 1.00691, 2.51221, 0.0525961, 202024
4.2, 4.3, 4.3, 4.2, -3.5, -3.5, -2.5, -2.5, 1.00214, 1.0855, 0.0584118, 200550
4.3, 4.4, 4.4, 4.3, -3.5, -3.5, -2.5, -2.5, 0.999076, 0.269341, 0.0524335, 199681
4.4, 4.5, 4.5, 4.4, -3.5, -3.5, -2.5, -2.5, 0.997693, -0.107658, 0.0579843, 199248
4.5, 4.6, 4.6, 4.5, -3.5, -3.5, -2.5, -2.5, 0.997186, -0.182896, 0.0526953, 199117
4.6, 4.7, 4.7, 4.6, -3.5, -3.5, -2.5, -2.5, 0.996986, -0.214677, 0.0629134, 199083
4.7, 4.8, 4.8, 4.7, -3.5, -3.5, -2.5, -2.5, 0.997028, -0.216786, 0.0505096, 199114
4.8, 4.9, 4.9, 4.8, -3.5, -3.5, -2.5, -2.5, 0.996948, -0.195792, 0.045795, 199101
4.9, 5, 5, 4.9, -3.5, -3.5, -2.5, -2.5, 0.997112, -0.213374, 0.0428203, 199107
5, 5.1, 5.1, 5, -3.5, -3.5, -2.5, -2.5, 0.997261, -0.216298, 0.0385363, 199150
5.1, 5.2, 5.2, 5.1, -3.5, -3.5, -2.5, -2.5, 0.997305, -0.197837, 0.0368792, 199176
5.2, 5.3, 5.3, 5.2, -3.5, -3.5, -2.5, -2.5, 0.997217, -0.215465, 0.0216666, 199176
5.3, 5.4, 5.4, 5.3, -3.5, -3.5, -2.5, -2.5, 0.997333, -0.21882, 0.027616, 199171
5.4, 5.5, 5.5, 5.4, -3.5, -3.5, -2.5, -2.5, 0.997238, -0.216123, 0.0302944, 199147
5.5, 5.6, 5.6, 5.5, -3.5, -3.5, -2.5, -2.5, 0.997268, -0.24168, 0.0212808, 199146
5.6, 5.7, 5.7, 5.6, -3.5, -3.5, -2.5, -2.5, 0.997224, -0.253385, 0.024923, 199185
5.7, 5.8, 5.8, 5.7, -3.5, -3.5, -2.5, -2.5, 0.997534, -0.265415, 0.0257498, 199221
5.8, 5.9, 5.9, 5.8, -3.5, -3.5, -2.5, -2.5, 0.997468, -0.24738, 0.0250732, 199221
5.9, 6, 6, 5.9, -3.5, -3.5, -2.5, -2.5, 0.997549, -0.246076, 0.0245609, 199270
6, 6.1, 6.1, 6, -3.5, -3.5, -2.5, -2.5, 0.997718, -0.201512, 0.0265992, 199297
6.1, 6.2, 6.2, 6.1, -3.5, -3.5, -2.5, -2.5, 0.997475, -0.176996, 0.0207808, 199234
6.2, 6.3, 6.3, 6.2, -3.5, -3.5, -2.5, -2.5, 0.997555, -0.173613, 0.0178346, 199261
6.3, 6.4, 6.4, 6.3, -3.5, -3.5, -2.5, -2.5, 0.997649, -0.15693, 0.0206541, 199292
6.4, 6.5, 6.5, 6.4, -3.5, -3.5, -2.5, -2.5, 0.997882, -0.136486, 0.0128526, 199362
6.5, 6.6, 6.6, 6.5, -3.5, -3.5, -2.5, -2.5, 0.997902, -0.151622, 0.0116443, 199366
6.6, 6.7, 6.7, 6.6, -3.5, -3.5, -2.5, -2.5, 0.99786, -0.185598, 0.00184141, 199385
6.7, 6.8, 6.8, 6.7, -3.5, -3.5, -2.5, -2.5, 0.997881, -0.184821, 0.00928895, 199337
6.8, 6.9, 6.9, 6.8, -3.5, -3.5, -2.5, -2.5, 0.997968, -0.194548, 0.00827824, 199403
6.9, 7, 7, 6.9, -3.5, -3.5, -2.5, -2.5, 0.998141, -0.184815, -0.00105533, 199411
7, 7.1, 7.1, 7, -3.5, -3.5, -2.5, -2.5, 0.998038, -0.191083, 0.00553506, 199406
7.1, 7.2, 7.2, 7.1, -3.5, -3.5, -2.5, -2.5, 0.998132, -0.206437, 0.00310141, 199434
7.2, 7.3, 7.3, 7.2, -3.5, -3.5, -2.5, -2.5, 0.998087, -0.165781, -0.000581489, 199414
7.3, 7.4, 7.4, 7.3, -3.5, -3.5, -2.5, -2.5, 0.99814, -0.164563, -0.00521568, 199416
7.4, 7.5, 7.5, 7.4, -3.5, -3.5, -2.5, -2.5, 0.998048, -0.183483, -0.00548583, 199399
7.5, 7.6, 7.6, 7.5, -3.5, -3.5, -2.5, -2.5, 0.998159, -0.201892, -0.00519338, 199446
7.6, 7.7, 7.7, 7.6, -3.5, -3.5, -2.5, -2.5, 0.998142, -0.174833, -0.00480968, 199440
7.7, 7.8, 7.8, 7.7, -3.5, -3.5, -2.5, -2.5, 0.998333, -0.161127, -0.00567625, 199494
7.8, 7.9, 7.9, 7.8, -3.5, -3.5, -2.5, -2.5, 0.99823, -0.168986, -0.00571946, 199471
7.9, 8, 8, 7.9, -3.5, -3.5, -2.5, -2.5, 0.998321, -0.179216, -0.00542135, 199490
8, 8.1, 8.1, 8, -3.5, -3.5, -2.5, -2.5, 0.998379, -0.187255, -0.00417717, 199511
8.1, 8.2, 8.2, 8.1, -3.5, -3.5, -2.5, -2.5, 0.998226, -0.170617, -0.00527553, 199467
8.2, 8.3, 8.3, 8.2, -3.5, -3.5, -2.5, -2.5, 0.99845, -0.176233, -0.00314614, 199535
8.3, 8.4, 8.4, 8.3, -3.5, -3.5, -2.5, -2.5, 0.998507, -0.165505, -0.00370686, 199545
8.4, 8.5, 8.5, 8.4, -3.5, -3.5, -2.5, -2.5, 0.998444, -0.162723, -0.00246757, 199539
8.5, 8.6, 8.6, 8.5, -3.5, -3.5, -2.5, -2.5, 0.998534, -0.171383, -0.00235464, 199552
8.6, 8.7, 8.7, 8.6, -3.5, -3.5, -2.5, -2.5, 0.998492, -0.155706, -0.000481471, 199552
8.7, 8.8, 8.8, 8.7, -3.5, -3.5, -2.5, -2.5, 0.998622, -0.150007, -0.000849587, 199589
8.8, 8.9, 8.9, 8.8, -3.5, -3.5, -2.5, -2.5, 0.998691, -0.137416, 0.0010401, 199613
8.9, 9, 9, 8.9, -3.5, -3.5, -2.5, -2.5, 0.998803, -0.127003, -0.000109592, 199647
9, 9.1, 9.1, 9, -3.5, -3.5, -2.5, -2.5, 0.998897, -0.11516, 0.000740754, 199676
9.1, 9.2, 9.2, 9.1, -3.5, -3.5, -2.5, -2.5, 0.999003, -0.104128, 4.94763e-05, 199709
9.2, 9.3, 9.3, 9.2, -3.5, -3.5, -2.5, -2.5, 0.999103, -0.0927554, 0.000292796, 199739
9.3, 9.4, 9.4, 9.3, -3.5, -3.5, -2.5, -2.5, 0.999204, -0.0816942, 9.54096e-05, 199769
9.4, 9.5, 9.5, 9.4, -3.5, -3.5, -2.5, -2.5, 0.999309, -0.0706312, 1.17232e-05, 199801
9.5, 9.6, 9.6, 9.5, -3.5, -3.5, -2.5, -2.5, 0.999404, -0.0598273, 9.53349e-06, 199829
9.6, 9.7, 9.7, 9.6, -3.5, -3.5, -2.5, -2.5, 0.999519, -0.0487217, 2.74174e-08, 199863
9.7, 9.8, 9.8, 9.7, -3.5, -3.5, -2.5, -2.5, 0.999591, -0.038842, 0, 199883
9.8, 9.9, 9.9, 9.8, -3.5, -3.5, -2.5, -2.5, 0.999747, -0.0262504, 0, 199928
9.9, 10, 10, 9.9, -3.5, -3.5, -2.5, -2.5, 0.999761, -0.0191211, 0, 199933
-0.1, -1.3878e-17, -1.3878e-17, -0.1, -2.5, -2.5, -1.5, -1.5, 1.02196, 0.0218155, -0.480962, 204052
-1.3878e-17, 0.1, 0.1, -1.3878e-17, -2.5, -2.5, -1.5, -1.5, 1.02196, -0.0218155, -0.480962, 204052
0.1, 0.2, 0.2, 0.1, -2.5, -2.5, -1.5, -1.5, 1.0255, -0.00282517, 0.260114, 204005
0.2, 0.3, 0.3, 0.2, -2.5, -2.5, -1.5, -1.5, 0.999448, 0.0320958, 0.208012, 203960
0.3, 0.4, 0.4, 0.3, -2.5, -2.5, -1.5, -1.5, 0.987538, 0.0716546, 0.186465, 203896
0.4, 0.5, 0.5, 0.4, -2.5, -2.5, -1.5, -1.5, 0.978816, 0.117171, 0.178996, 203839
0.5, 0.6, 0.6, 0.5, -2.5, -2.5, -1.5, -1.5, 0.978921, 0.193998, 0.157673, 203764
0.6, 0.7, 0.7, 0.6, -2.5, -2.5, -1.5, -1.5, 0.978131, 0.268064, 0.151903, 203677
0.7, 0.8, 0.8, 0.7, -2.5, -2.5, -1.5, -1.5, 0.976378, 0.305393, 0.140129, 203650
0.8, 0.9, 0.9, 0.8, -2.5, -2.5, -1.5, -1.5, 0.974947, 0.337759, 0.133237, 203611
0.9, 1, 1, 0.9, -2.5, -2.5, -1.5, -1.5, 0.97347, 0.33253, 0.12202, 203565
1, 1.1, 1.1, 1, -2.5, -2.5, -1.5, -1.5, 0.972074, 0.352764, 0.132224, 203552
1.1, 1.2, 1.2, 1.1, -2.5, -2.5, -1.5, -1.5, 0.969989, 0.310269, 0.116878, 203485
1.2, 1.3, 1.3, 1.2, -2.5, -2.5, -1.5, -1.5, 0.967106, 0.192883, 0.124091, 203383
1.3, 1.4, 1.4, 1.3, -2.5, -2.5, -1.5, -1.5, 0.967912, 0.11778, 0.171414, 203281
1.4, 1.5, 1.5, 1.4, -2.5, -2.5, -1.5, -1.5, 0.966141, 0.141827, 0.206831, 203074
1.5, 1.6, 1.6, 1.5, -2.5, -2.5, -1.5, -1.5, 0.968516, 0.195968, 0.247388, 202889
1.6, 1.7, 1.7, 1.6, -2.5, -2.5, -1.5, -1.5, 0.968317, 0.273618, 0.242115, 202739
1.7, 1.8, 1.8, 1.7, -2.5, -2.5, -1.5, -1.5, 0.996074, 0.350401, 0.23416, 202625
1.8, 1.9, 1.9, 1.8, -2.5, -2.5, -1.5, -1.5, 0.977225, 0.534296, 0.285591, 202669
1.9, 2, 2, 1.9, -2.5, -2.5, -1.5, -1.5, 0.973561, 0.956665, 0.359672, 202864
2, 2.1, 2.1, 2, -2.5, -2.5, -1.5, -1.5, 0.971467, 1.55315, 0.259865, 203235
2.1, 2.2, 2.2, 2.1, -2.5, -2.5, -1.5, -1.5, 1.00064, 2.38692, 0.215843, 203903
2.2, 2.3, 2.3, 2.2, -2.5, -2.5, -1.5, -1.5, 0.988812, 3.5036, 0.209195, 204888
2.3, 2.4, 2.4, 2.3, -2.5, -2.5, -1.5, -1.5, 1.00882, 5.2017, 0.2222, 206324
2.4, 2.5, 2.5, 2.4, -2.5, -2.5, -1.5, -1.5, 1.00029, 7.12363, 0.242938, 208309
2.5, 2.6, 2.6, 2.5, -2.5, -2.5, -1.5, -1.5, 1.02319, 9.51237, 0.286134, 210858
2.6, 2.7, 2.7, 2.6, -2.5, -2.5, -1.5, -1.5, 1.01998, 11.7733, 0.385352, 213600
2.7, 2.8, 2.8, 2.7, -2.5, -2.5, -1.5, -1.5, 1.02367, 14.8782, 0.49901, 216518
2.8, 2.9, 2.9, 2.8, -2.5, -2.5, -1.5, -1.5, 1.03523, 19.1802, 0.374495, 219264
2.9, 3, 3, 2.9, -2.5, -2.5, -1.5, -1.5, 1.05663, 22.2712, 0.302485, 220653
3, 3.1, 3.1, 3, -2.5, -2.5, -1.5, -1.5, 1.04677, 23.2623, 0.2919, 221821
3.1, 3.2, 3.2, 3.1, -2.5, -2.5, -1.5, -1.5, 1.06171, 24.7175, 0.216001, 222733
3.2, 3.3, 3.3, 3.2, -2.5, -2.5, -1.5, -1.5, 1.05773, 25.7006, 0.167966, 223534
3.3, 3.4, 3.4, 3.3, -2.5, -2.5, -1.5, -1.5, 1.06486, 26.0699, 0.128316, 223871
3.4, 3.5, 3.5, 3.4, -2.5, -2.5, -1.5, -1.5, 1.06171, 25.5328, 0.130397, 224173
3.5, 3.6, 3.6, 3.5, -2.5, -2.5, -1.5, -1.5, 1.06057, 23.5978, 0.101316, 222187
3.6, 3.7, 3.7, 3.6, -2.5, -2.5, -1.5, -1.5, 1.05421, 20.1904, 0.0678843, 219241
3.7, 3.8, 3.8, 3.7, -2.5, -2.5, -1.5, -1.5, 1.04477, 15.9522, 0.0677233, 215306
3.8, 3.9, 3.9, 3.8, -2.5, -2.5, -1.5, -1.5, 1.03389, 11.6005, 0.054437, 211130
3.9, 4, 4, 3.9, -2.5, -2.5, -1.5, -1.5, 1.02295, 7.74676, 0.0536963, 207338
4, 4.1, 4.1, 4, -2.5, -2.5, -1.5, -1.5, 1.01385, 4.70112, 0.0521774, 204263
4.1, 4.2, 4.2, 4.1, -2.5, -2.5, -1.5, -1.5, 1.00691, 2.51221, 0.0525961, 202024
4.2, 4.3, 4.3, 4.2, -2.5, -2.5, -1.5, -1.5, 1.00214, 1.0855, 0.0584118, 200550
4.3, 4.4, 4.4, 4.3, -2.5, -2.5, -1.5, -1.5, 0.999076, 0.269341, 0.0524335, 199681
4.4, 4.5, 4.5, 4.4, -2.5, -2.5, -1.5, -1.5, 0.997693, -0.107658, 0.0579843, 199248
4.5, 4.6, 4.6, 4.5, -2.5, -2.5, -1.5, -1.5, 0.997186, -0.182896, 0.0526953, 199117
4.6, 4.7, 4.7, 4.6, -2.5, -2.5, -1.5, -1.5, 0.996986, -0.214677, 0.0629134, 199083
4.7, 4.8, 4.8, 4.7, -2.5, -2.5, -1.5, -1.5, 0.997028, -0.216786, 0.0505096, 199114
4.8, 4.9, 4.9, 4.8, -2.5, -2.5, -1.5, -1.5, 0.996948, -0.195792, 0.045795, 199101
4.9, 5, 5, 4.9, -2.5, -2.5, -1.5, -1.5, 0.997112, -0.213374, 0.0428203, 199107
5, 5.1, 5.1, 5, -2.5, -2.5, -1.5, -1.5, 0.997261, -0.216298, 0.0385363, 199150
5.1, 5.2, 5.2, 5.1, -2.5, -2.5, -1.5, -1.5, 0.997305, -0.197837, 0.0368792, 199176
5.2, 5.3, 5.3, 5.2, -2.5, -2.5, -1.5, -1.5, 0.997217, -0.215465, 0.0216666, 199176
5.3, 5.4, 5.4, 5.3, -2.5, -2.5, -1.5, -1.5, 0.997333, -0.21882, 0.027616, 199171
5.4, 5.5, 5.5, 5.4, -2.5, -2.5, -1.5, -1.5, 0.997238, -0.216123, 0.0302944, 199147
5.5, 5.6, 5.6, 5.5, -2.5, -2.5, -1.5, -1.5, 0.997268, -0.24168, 0.0212808, 199146
5.6, 5.7, 5.7, 5.6, -2.5, -2.5, -1.5, -1.5, 0.997224, -0.253385, 0.024923, 199185
5.7, 5.8, 5.8, 5.7, -2.5, -2.5, -1.5, -1.5, 0.997534, -0.265415, 0.0257498, 199221
5.8, 5.9, 5.9, 5.8, -2.5, -2.5, -1.5, -1.5, 0.997468, -0.24738, 0.0250732, 199221
5.9, 6, 6, 5.9, -2.5, -2.5, -1.5, -1.5, 0.997549, -0.246076, 0.0245609, 199270
6, 6.1, 6.1, 6, -2.5, -2.5, -1.5, -1.5, 0.997718, -0.201512, 0.0265992, 199297
6.1, 6.2, 6.2, 6.1, -2.5, -2.5, -1.5, -1.5, 0.997475, -0.176996, 0.0207808, 199234
6.2, 6.3, 6.3, 6.2, -2.5, -2.5, -1.5, -1.5, 0.997555, -0.173613, 0.0178346, 199261
6.3, 6.4, 6.4, 6.3, -2.5, -2.5, -1.5, -1.5, 0.997649, -0.15693, 0.0206541, 199292
6.4, 6.5, 6.5, 6.4, -2.5, -2.5, -1.5, -1.5, 0.997882, -0.136486, 0.0128526, 199362
6.5, 6.6, 6.6, 6.5, -2.5, -2.5, -1.5, -1.5, 0.997902, -0.151622, 0.0116443, 199366
6.6, 6.7, 6.7, 6.6, -2.5, -2.5, -1.5, -1.5, 0.99786, -0.185598, 0.00184141, 199385
6.7, 6.8, 6.8, 6.7, -2.5, -2.5, -1.5, -1.5, 0.997881, -0.184821, 0.00928895, 199337
6.8, 6.9, 6.9, 6.8, -2.5, -2.5, -1.5, -1.5, 0.997968, -0.194548, 0.00827824, 199403
6.9, 7, 7, 6.9, -2.5, -2.5, -1.5, -1.5, 0.998141, -0.184815, -0.00105533, 199411
7, 7.1, 7.1, 7, -2.5, -2.5, -1.5, -1.5, 0.998038, -0.191083, 0.00553506, 199406
7.1, 7.2, 7.2, 7.1, -2.5, -2.5, -1.5, -1.5, 0.998132, -0.206437, 0.00310141, 199434
7.2, 7.3, 7.3, 7.2, -2.5, -2.5, -1.5, -1.5, 0.998087, -0.165781, -0.000581489, 199414
7.3, 7.4, 7.4, 7.3, -2.5, -2.5, -1.5, -1.5, 0.99814, -0.164563, -0.00521568, 199416
7.4, 7.5, 7.5, 7.4, -2.5, -2.5, -1.5, -1.5, 0.998048, -0.183483, -0.00548583, 199399
7.5, 7.6, 7.6, 7.5, -2.5, -2.5, -1.5, -1.5, 0.998159, -0.201892, -0.00519338, 199446
7.6, 7.7, 7.7, 7.6, -2.5, -2.5, -1.5, -1.5, 0.998142, -0.174833, -0.00480968, 199440
7.7, 7.8, 7.8, 7.7, -2.5, -2.5, -1.5, -1.5, 0.998333, -0.161127, -0.00567625, 199494
7.8, 7.9, 7.9, 7.8, -2.5, -2.5, -1.5, -1.5, 0.99823, -0.168986, -0.00571946, 199471
7.9, 8, 8, 7.9, -2.5, -2.5, -1.5, -1.5, 0.998321, -0.179216, -0.00542135, 199490
8, 8.1, 8.1, 8, -2.5, -2.5, -1.5, -1.5, 0.998379, -0.187255, -0.00417717, 199511
8.1, 8.2, 8.2, 8.1, -2.5, -2.5, -1.5, -1.5, 0.998226, -0.170617, -0.00527553, 199467
8.2, 8.3, 8.3, 8.2, -2.5, -2.5, -1.5, -1.5, 0.99845, -0.176233, -0.00314614, 199535
8.3, 8.4, 8.4, 8.3, -2.5, -2.5, -1.5, -1.5, 0.998507, -0.165505, -0.00370686, 199545
8.4, 8.5, 8.5, 8.4, -2.5, -2.5, -1.5, -1.5, 0.998444, -0.162723, -0.00246757, 199539
8.5, 8.6, 8.6, 8.5, -2.5, -2.5, -1.5, -1.5, 0.998534, -0.171383, -0.00235464, 199552
8.6, 8.7, 8.7, 8.6, -2.5, -2.5, -1.5, -1.5, 0.998492, -0.155706, -0.000481471, 199552
8.7, 8.8, 8.8, 8.7, -2.5, -2.5, -1.5, -1.5, 0.998622, -0.150007, -0.000849587, 199589
8.8, 8.9, 8.9, 8.8, -2.5, -2.5, -1.5, -1.5, 0.998691, -0.137416, 0.0010401, 199613
8.9, 9, 9, 8.9, -2.5, -2.5, -1.5, -1.5, 0.998803, -0.127003, -0.000109592, 199647
9, 9.1, 9.1, 9, -2.5, -2.5, -1.5, -1.5, 0.998897, -0.11516, 0.000740754, 199676
9.1, 9.2, 9.2, 9.1, -2.5, -2.5, -1.5, -1.5, 0.999003, -0.104128, 4.94763e-05, 199709
9.2, 9.3, 9.3, 9.2, -2.5, -2.5, -1.5, -1.5, 0.999103, -0.0927554, 0.000292796, 199739
9.3, 9.4, 9.4, 9.3, -2.5, -2.5, -1.5, -1.5, 0.999204, -0.0816942, 9.54096e-05, 199769
9.4, 9.5, 9.5, 9.4, -2.5, -2.5, -1.5, -1.5, 0.999309, -0.0706312, 1.17232e-05, 199801
9.5, 9.6, 9.6, 9.5, -2.5, -2.5, -1.5, -1.5, 0.999404, -0.0598273, 9.53349e-06, 199829
9.6, 9.7, 9.7, 9.6, -2.5, -2.5, -1.5, -1.5, 0.999519, -0.0487217, 2.74174e-08, 199863
9.7, 9.8, 9.8, 9.7, -2.5, -2.5, -1.5, -1.5, 0.999591, -0.038842, 0, 199883
9.8, 9.9, 9.9, 9.8, -2.5, -2.5, -1.5, -1.5, 0.999747, -0.0262504, 0, 199928
9.9, 10, 10, 9.9, -2.5, -2.5, -1.5, -1.5, 0.999761, -0.0191211, 0, 199933
10, 10.1, 10.1, 10, -2.5, -2.5, -1.5, -1.5, 0.999761, -0.0191211, 0, 199933
-0.1, -1.3878e-17, -1.3878e-17, -0.1, -1.5, -1.5, -0.5, -0.5, 1.02187, 0.0348153, -0.340634, 203914
-1.3878e-17, 0.1, 0.1, -1.3878e-17, -1.5, -1.5, -0.5, -0.5, 1.02187, -0.0348153, -0.340634, 203914
0.1, 0.2, 0.2, 0.1, -1.5, -1.5, -0.5, -0.5, 1.02514, -0.0824103, 0.126496, 203917
0.2, 0.3, 0.3, 0.2, -1.5, -1.5, -0.5, -0.5, 0.999352, -0.0767045, 0.102956, 203942
0.3, 0.4, 0.4, 0.3, -1.5, -1.5, -0.5, -0.5, 0.987353, -0.0723556, 0.103739, 203868
0.4, 0.5, 0.5, 0.4, -1.5, -1.5, -0.5, -0.5, 0.978767, -0.0773671, 0.0937664, 203898
0.5, 0.6, 0.6, 0.5, -1.5, -1.5, -0.5, -0.5, 0.979164, -0.0430571, 0.0879333, 203897
0.6, 0.7, 0.7, 0.6, -1.5, -1.5, -0.5, -0.5, 0.978492, -0.00832377, 0.0772565, 203821
0.7, 0.8, 0.8, 0.7, -1.5, -1.5, -0.5, -0.5, 0.977047, 0.0527624, 0.0593498, 203833
0.8, 0.9, 0.9, 0.8, -1.5, -1.5, -0.5, -0.5, 0.975644, 0.0855257, 0.0419794, 203765
0.9, 1, 1, 0.9, -1.5, -1.5, -0.5, -0.5, 0.973909, 0.147365, 0.0260696, 203596
1, 1.1, 1.1, 1, -1.5, -1.5, -0.5, -0.5, 0.972057, 0.20976, 0.0239246, 203405
1.1, 1.2, 1.2, 1.1, -1.5, -1.5, -0.5, -0.5, 0.969691, 0.255045, -0.017447, 203223
1.2, 1.3, 1.3, 1.2, -1.5, -1.5, -0.5, -0.5, 0.965939, 0.283111, -0.0329024, 203052
1.3, 1.4, 1.4, 1.3, -1.5, -1.5, -0.5, -0.5, 0.969377, 0.318147, -0.0371706, 202899
1.4, 1.5, 1.5, 1.4, -1.5, -1.5, -0.5, -0.5, 0.967612, 0.36077, -0.0316816, 202728
1.5, 1.6, 1.6, 1.5, -1.5, -1.5, -0.5, -0.5, 0.969392, 0.393656, -0.056406, 202591
1.6, 1.7, 1.7, 1.6, -1.5, -1.5, -0.5, -0.5, 0.967025, 0.440786, -0.0841079, 202518
1.7, 1.8, 1.8, 1.7, -1.5, -1.5, -0.5, -0.5, 0.964613, 0.56228, -0.149308, 202433
1.8, 1.9, 1.9, 1.8, -1.5, -1.5, -0.5, -0.5, 0.963738, 0.749038, -0.101693, 202469
1.9, 2, 2, 1.9, -1.5, -1.5, -0.5, -0.5, 0.99682, 1.04853, -0.0585428, 202664
2, 2.1, 2.1, 2, -1.5, -1.5, -0.5, -0.5, 0.98332, 1.49786, -0.052338, 203054
2.1, 2.2, 2.2, 2.1, -1.5, -1.5, -0.5, -0.5, 1.00132, 2.31568, -0.059208, 203739
2.2, 2.3, 2.3, 2.2, -1.5, -1.5, -0.5, -0.5, 0.986768, 3.4634, -0.0533488, 204781
2.3, 2.4, 2.4, 2.3, -1.5, -1.5, -0.5, -0.5, 1.0082, 5.25987, -0.0515272, 206251
2.4, 2.5, 2.5, 2.4, -1.5, -1.5, -0.5, -0.5, 1.00203, 7.38236, -0.0492317, 208139
2.5, 2.6, 2.6, 2.5, -1.5, -1.5, -0.5, -0.5, 1.02237, 10.1087, -0.020172, 210423
2.6, 2.7, 2.7, 2.6, -1.5, -1.5, -0.5, -0.5, 1.01916, 12.8048, 0.0454263, 212910
2.7, 2.8, 2.8, 2.7, -1.5, -1.5, -0.5, -0.5, 1.04064, 15.9132, 0.115848, 215402
2.8, 2.9, 2.9, 2.8, -1.5, -1.5, -0.5, -0.5, 1.03309, 18.4683, 0.0987277, 217679
2.9, 3, 3, 2.9, -1.5, -1.5, -0.5, -0.5, 1.05308, 21.1398, 0.0768147, 219694
3, 3.1, 3.1, 3, -1.5, -1.5, -0.5, -0.5, 1.04797, 22.7371, 0.103298, 221483
3.1, 3.2, 3.2, 3.1, -1.5, -1.5, -0.5, -0.5, 1.06115, 24.2237, 0.058751, 222787
3.2, 3.3, 3.3, 3.2, -1.5, -1.5, -0.5, -0.5, 1.05552, 25.3957, 0.0603156, 223701
3.3, 3.4, 3.4, 3.3, -1.5, -1.5, -0.5, -0.5, 1.06225, 26.2971, 0.0655237, 223876
3.4, 3.5, 3.5, 3.4, -1.5, -1.5, -0.5, -0.5, 1.06322, 25.5051, 0.072237, 223475
3.5, 3.6, 3.6, 3.5, -1.5, -1.5, -0.5, -0.5, 1.06019, 23.4815, 0.0519401, 222142
3.6, 3.7, 3.7, 3.6, -1.5, -1.5, -0.5, -0.5, 1.0539, 20.1412, 0.0536022, 219165
3.7, 3.8, 3.8, 3.7, -1.5, -1.5, -0.5, -0.5, 1.04482, 15.935, 0.0556989, 215241
3.8, 3.9, 3.9, 3.8, -1.5, -1.5, -0.5, -0.5, 1.03373, 11.6049, 0.0675186, 211096
3.9, 4, 4, 3.9, -1.5, -1.5, -0.5, -0.5, 1.02298, 7.75526, 0.0558292, 207305
4, 4.1, 4.1, 4, -1.5, -1.5, -0.5, -0.5, 1.0137, 4.70765, 0.055844, 204235
4.1, 4.2, 4.2, 4.1, -1.5, -1.5, -0.5, -0.5, 1.0068, 2.52822, 0.065873, 201986
4.2, 4.3, 4.3, 4.2, -1.5, -1.5, -0.5, -0.5, 1.0021, 1.11509, 0.0607934, 200494
4.3, 4.4, 4.4, 4.3, -1.5, -1.5, -0.5, -0.5, 0.998904, 0.300596, 0.0606667, 199613
4.4, 4.5, 4.5, 4.4, -1.5, -1.5, -0.5, -0.5, 0.9975, -0.0787262, 0.0578605, 199186
4.5, 4.6, 4.6, 4.5, -1.5, -1.5, -0.5, -0.5, 0.997109, -0.199528, 0.0486059, 199078
4.6, 4.7, 4.7, 4.6, -1.5, -1.5, -0.5, -0.5, 0.996969, -0.258489, 0.0508833, 199059
4.7, 4.8, 4.8, 4.7, -1.5, -1.5, -0.5, -0.5, 0.997063, -0.270721, 0.0462247, 199077
4.8, 4.9, 4.9, 4.8, -1.5, -1.5, -0.5, -0.5, 0.996776, -0.26816, 0.0413524, 199012
4.9, 5, 5, 4.9, -1.5, -1.5, -0.5, -0.5, 0.996995, -0.281963, 0.0468625, 199079
5, 5.1, 5.1, 5, -1.5, -1.5, -0.5, -0.5, 0.997149, -0.276547, 0.0391743, 199115
5.1, 5.2, 5.2, 5.1, -1.5, -1.5, -0.5, -0.5, 0.997087, -0.274485, 0.0381772, 199140
5.2, 5.3, 5.3, 5.2, -1.5, -1.5, -0.5, -0.5, 0.997353, -0.279496, 0.0333653, 199143
5.3, 5.4, 5.4, 5.3, -1.5, -1.5, -0.5, -0.5, 0.997098, -0.260694, 0.0339026, 199094
5.4, 5.5, 5.5, 5.4, -1.5, -1.5, -0.5, -0.5, 0.99693, -0.238733, 0.0303059, 199090
5.5, 5.6, 5.6, 5.5, -1.5, -1.5, -0.5, -0.5, 0.997188, -0.237665, 0.0300577, 199151
5.6, 5.7, 5.7, 5.6, -1.5, -1.5, -0.5, -0.5, 0.997439, -0.25322, 0.0283357, 199194
5.7, 5.8, 5.8, 5.7, -1.5, -1.5, -0.5, -0.5, 0.997354, -0.227586, 0.0249058, 199216
5.8, 5.9, 5.9, 5.8, -1.5, -1.5, -0.5, -0.5, 0.997478, -0.235122, 0.0297401, 199227
5.9, 6, 6, 5.9, -1.5, -1.5, -0.5, -0.5, 0.997551, -0.255498, 0.0216906, 199246
6, 6.1, 6.1, 6, -1.5, -1.5, -0.5, -0.5, 0.997584, -0.235357, 0.0232993, 199239
6.1, 6.2, 6.2, 6.1, -1.5, -1.5, -0.5, -0.5, 0.997682, -0.206797, 0.0197884, 199278
6.2, 6.3, 6.3, 6.2, -1.5, -1.5, -0.5, -0.5, 0.997709, -0.204138, 0.0208454, 199292
6.3, 6.4, 6.4, 6.3, -1.5, -1.5, -0.5, -0.5, 0.997819, -0.210922, 0.0163724, 199313
6.4, 6.5, 6.5, 6.4, -1.5, -1.5, -0.5, -0.5, 0.99785, -0.182406, 0.0125372, 199337
6.5, 6.6, 6.6, 6.5, -1.5, -1.5, -0.5, -0.5, 0.997782, -0.205607, 0.0115491, 199320
6.6, 6.7, 6.7, 6.6, -1.5, -1.5, -0.5, -0.5, 0.997968, -0.22984, 0.00387812, 199345
6.7, 6.8, 6.8, 6.7, -1.5, -1.5, -0.5, -0.5, 0.99796, -0.182574, 0.00518034, 199371
6.8, 6.9, 6.9, 6.8, -1.5, -1.5, -0.5, -0.5, 0.997685, -0.213397, 0.00097052, 199322
6.9, 7, 7, 6.9, -1.5, -1.5, -0.5, -0.5, 0.997912, -0.223388, -0.000968386, 199366
7, 7.1, 7.1, 7, -1.5, -1.5, -0.5, -0.5, 0.997891, -0.201373, -0.00156546, 199370
7.1, 7.2, 7.2, 7.1, -1.5, -1.5, -0.5, -0.5, 0.998073, -0.229132, -0.00593268, 199380
7.2, 7.3, 7.3, 7.2, -1.5, -1.5, -0.5, -0.5, 0.998066, -0.238455, -0.00576265, 199406
7.3, 7.4, 7.4, 7.3, -1.5, -1.5, -0.5, -0.5, 0.998086, -0.211064, -0.00847665, 199408
7.4, 7.5, 7.5, 7.4, -1.5, -1.5, -0.5, -0.5, 0.99815, -0.209534, -0.00870388, 199439
7.5, 7.6, 7.6, 7.5, -1.5, -1.5, -0.5, -0.5, 0.998317, -0.189046, -0.0127505, 199482
7.6, 7.7, 7.7, 7.6, -1.5, -1.5, -0.5, -0.5, 0.998422, -0.162623, -0.00847224, 199515
7.7, 7.8, 7.8, 7.7, -1.5, -1.5, -0.5, -0.5, 0.998312, -0.173365, -0.0111312, 199507
7.8, 7.9, 7.9, 7.8, -1.5, -1.5, -0.5, -0.5, 0.998431, -0.172398, -0.0107047, 199523
7.9, 8, 8, 7.9, -1.5, -1.5, -0.5, -0.5, 0.99818, -0.161485, -0.013079, 199464
8, 8.1, 8.1, 8, -1.5, -1.5, -0.5, -0.5, 0.99833, -0.172647, -0.0104896, 199513
8.1, 8.2, 8.2, 8.1, -1.5, -1.5, -0.5, -0.5, 0.998524, -0.170068, -0.0113735, 199553
8.2, 8.3, 8.3, 8.2, -1.5, -1.5, -0.5, -0.5, 0.998657, -0.145805, -0.00944604, 199609
8.3, 8.4, 8.4, 8.3, -1.5, -1.5, -0.5, -0.5, 0.998748, -0.153197, -0.0108494, 199615
8.4, 8.5, 8.5, 8.4, -1.5, -1.5, -0.5, -0.5, 0.998593, -0.144082, -0.00921957, 199589
8.5, 8.6, 8.6, 8.5, -1.5, -1.5, -0.5, -0.5, 0.998613, -0.13566, -0.00729398, 199587
8.6, 8.7, 8.7, 8.6, -1.5, -1.5, -0.5, -0.5, 0.998805, -0.133593, -0.00414641, 199650
8.7, 8.8, 8.8, 8.7, -1.5, -1.5, -0.5, -0.5, 0.998851, -0.1241, -0.00364657, 199656
8.8, 8.9, 8.9, 8.8, -1.5, -1.5, -0.5, -0.5, 0.9988, -0.120578, -0.000609234, 199652
8.9, 9, 9, 8.9, -1.5, -1.5, -0.5, -0.5, 0.998917, -0.133074, -0.00160106, 199679
9, 9.1, 9.1, 9, -1.5, -1.5, -0.5, -0.5, 0.998847, -0.108846, 0.000967061, 199667
9.1, 9.2, 9.2, 9.1, -1.5, -1.5, -0.5, -0.5, 0.999044, -0.108991, -0.000339875, 199718
9.2, 9.3, 9.3, 9.2, -1.5, -1.5, -0.5, -0.5, 0.999071, -0.0910354, 0.000594072, 199731
9.3, 9.4, 9.4, 9.3, -1.5, -1.5, -0.5, -0.5, 0.999215, -0.083627, 6.46095e-05, 199772
9.4, 9.5, 9.5, 9.4, -1.5, -1.5, -0.5, -0.5, 0.999286, -0.0714886, 0.000219455, 199794
9.5, 9.6, 9.6, 9.5, -1.5, -1.5, -0.5, -0.5, 0.999404, -0.059827, -9.69735e-08, 199829
9.6, 9.7, 9.7, 9.6, -1.5, -1.5, -0.5, -0.5, 0.999519, -0.0487219, 7.29206e-06, 199863
9.7, 9.8, 9.8, 9.7, -1.5, -1.5, -0.5, -0.5, 0.999591, -0.038842, 0, 199883
9.8, 9.9, 9.9, 9.8, -1.5, -1.5, -0.5, -0.5, 0.999747, -0.0262504, 0, 199928
9.9, 10, 10, 9.9, -1.5, -1.5, -0.5, -0.5, 0.999761, -0.0191211, 0, 199933
10, 10.1, 10.1, 10, -1.5, -1.5, -0.5, -0.5, 0.999761, -0.0191211, 0, 199933
-0.1, -1.3878e-17, -1.3878e-17, -0.1, -0.5, -0.5, 0.5, 0.5, 1.02161, 0.0409408, -0.00904533, 203867
-1.3878e-17, 0.1, 0.1, -1.3878e-17, -0.5, -0.5, 0.5, 0.5, 1.02161, -0.0409408, -0.00904533, 203867
0.1, 0.2, 0.2, 0.1, -0.5, -0.5, 0.5, 0.5, 1.02488, -0.107284, 0.00185277, 203862
0.2, 0.3, 0.3, 0.2, -0.5, -0.5, 0.5, 0.5, 0.999669, -0.109407, -0.00417681, 203903
0.3, 0.4, 0.4, 0.3, -0.5, -0.5, 0.5, 0.5, 0.9877, -0.0847261, 1.55839e-05, 203859
0.4, 0.5, 0.5, 0.4, -0.5, -0.5, 0.5, 0.5, 0.978634, -0.0678404, 0.00590837, 203868
0.5, 0.6, 0.6, 0.5, -0.5, -0.5, 0.5, 0.5, 0.979209, -0.0158693, 4.73298e-05, 203887
0.6, 0.7, 0.7, 0.6, -0.5, -0.5, 0.5, 0.5, 0.97866, -0.0445951, 0.00282901, 203805
0.7, 0.8, 0.8, 0.7, -0.5, -0.5, 0.5, 0.5, 0.977139, -0.0711628, 0.00400654, 203737
0.8, 0.9, 0.9, 0.8, -0.5, -0.5, 0.5, 0.5, 0.9758, -0.0785606, 0.00407743, 203686
0.9, 1, 1, 0.9, -0.5, -0.5, 0.5, 0.5, 0.974559, -0.0716406, 0.0176237, 203667
1, 1.1, 1.1, 1, -0.5, -0.5, 0.5, 0.5, 0.972967, -0.122393, 0.00379488, 203566
1.1, 1.2, 1.2, 1.1, -0.5, -0.5, 0.5, 0.5, 0.970366, -0.229832, 0.000900138, 203452
1.2, 1.3, 1.3, 1.2, -0.5, -0.5, 0.5, 0.5, 0.965595, -0.289498, -0.0134001, 203370
1.3, 1.4, 1.4, 1.3, -0.5, -0.5, 0.5, 0.5, 0.967868, -0.230646, -0.0421405, 203189
1.4, 1.5, 1.5, 1.4, -0.5, -0.5, 0.5, 0.5, 0.966151, -0.120983, -0.0874305, 202978
1.5, 1.6, 1.6, 1.5, -0.5, -0.5, 0.5, 0.5, 0.969663, 0.00307711, -0.129174, 202760
1.6, 1.7, 1.7, 1.6, -0.5, -0.5, 0.5, 0.5, 0.968069, 0.13701, -0.13047, 202558
1.7, 1.8, 1.8, 1.7, -0.5, -0.5, 0.5, 0.5, 0.966385, 0.228317, -0.078664, 202436
1.8, 1.9, 1.9, 1.8, -0.5, -0.5, 0.5, 0.5, 0.965627, 0.45711, -0.129945, 202340
1.9, 2, 2, 1.9, -0.5, -0.5, 0.5, 0.5, 0.969007, 0.83312, -0.251369, 202546
2, 2.1, 2.1, 2, -0.5, -0.5, 0.5, 0.5, 0.971731, 1.47602, -0.195478, 202939
2.1, 2.2, 2.2, 2.1, -0.5, -0.5, 0.5, 0.5, 0.999912, 2.43405, -0.178784, 203687
2.2, 2.3, 2.3, 2.2, -0.5, -0.5, 0.5, 0.5, 0.989011, 3.69469, -0.192131, 204823
2.3, 2.4, 2.4, 2.3, -0.5, -0.5, 0.5, 0.5, 1.00932, 5.6092, -0.20126, 206405
2.4, 2.5, 2.5, 2.4, -0.5, -0.5, 0.5, 0.5, 1.00208, 7.84566, -0.201836, 208389
2.5, 2.6, 2.6, 2.5, -0.5, -0.5, 0.5, 0.5, 1.02389, 10.7056, -0.18268, 210713
2.6, 2.7, 2.7, 2.6, -0.5, -0.5, 0.5, 0.5, 1.01967, 13.4433, -0.128981, 213177
2.7, 2.8, 2.8, 2.7, -0.5, -0.5, 0.5, 0.5, 1.04137, 16.5148, -0.0848225, 215613
2.8, 2.9, 2.9, 2.8, -0.5, -0.5, 0.5, 0.5, 1.03422, 18.8972, -0.0277584, 217858
2.9, 3, 3, 2.9, -0.5, -0.5, 0.5, 0.5, 1.05363, 21.3753, -0.0308164, 219870
3, 3.1, 3.1, 3, -0.5, -0.5, 0.5, 0.5, 1.04959, 22.9193, -0.0110198, 221525
3.1, 3.2, 3.2, 3.1, -0.5, -0.5, 0.5, 0.5, 1.06273, 24.522, -0.0670964, 222653
3.2, 3.3, 3.3, 3.2, -0.5, -0.5, 0.5, 0.5, 1.05546, 25.5372, 0.0539841, 223423
3.3, 3.4, 3.4, 3.3, -0.5, -0.5, 0.5, 0.5, 1.06433, 26.0004, 0.000754676, 223707
3.4, 3.5, 3.5, 3.4, -0.5, -0.5, 0.5, 0.5, 1.0622, 25.3364, 0.0226385, 223759
3.5, 3.6, 3.6, 3.5, -0.5, -0.5, 0.5, 0.5, 1.05931, 23.4868, 0.0313213, 222154
3.6, 3.7, 3.7, 3.6, -0.5, -0.5, 0.5, 0.5, 1.05417, 20.1563, 0.0464671, 219104
3.7, 3.8, 3.8, 3.7, -0.5, -0.5, 0.5, 0.5, 1.04454, 15.943, 0.0433447, 215218
3.8, 3.9, 3.9, 3.8, -0.5, -0.5, 0.5, 0.5, 1.03363, 11.6212, 0.0450495, 211057
3.9, 4, 4, 3.9, -0.5, -0.5, 0.5, 0.5, 1.02292, 7.76814, 0.0441564, 207257
4, 4.1, 4.1, 4, -0.5, -0.5, 0.5, 0.5, 1.01342, 4.72126, 0.0457729, 204187
4.1, 4.2, 4.2, 4.1, -0.5, -0.5, 0.5, 0.5, 1.00669, 2.53093, 0.0487502, 201937
4.2, 4.3, 4.3, 4.2, -0.5, -0.5, 0.5, 0.5, 1.00186, 1.09078, 0.0380764, 200458
4.3, 4.4, 4.4, 4.3, -0.5, -0.5, 0.5, 0.5, 0.99895, 0.236394, 0.0446575, 199584
4.4, 4.5, 4.5, 4.4, -0.5, -0.5, 0.5, 0.5, 0.997273, -0.150926, 0.0500309, 199147
4.5, 4.6, 4.6, 4.5, -0.5, -0.5, 0.5, 0.5, 0.997058, -0.270037, 0.0377455, 199047
4.6, 4.7, 4.7, 4.6, -0.5, -0.5, 0.5, 0.5, 0.996818, -0.261802, 0.0334251, 199017
4.7, 4.8, 4.8, 4.7, -0.5, -0.5, 0.5, 0.5, 0.996768, -0.250157, 0.027272, 199004
4.8, 4.9, 4.9, 4.8, -0.5, -0.5, 0.5, 0.5, 0.996771, -0.274696, 0.0238321, 199005
4.9, 5, 5, 4.9, -0.5, -0.5, 0.5, 0.5, 0.996772, -0.279902, 0.024267, 199015
5, 5.1, 5.1, 5, -0.5, -0.5, 0.5, 0.5, 0.996993, -0.286676, 0.021714, 199071
5.1, 5.2, 5.2, 5.1, -0.5, -0.5, 0.5, 0.5, 0.996871, -0.267307, 0.0245918, 199059
5.2, 5.3, 5.3, 5.2, -0.5, -0.5, 0.5, 0.5, 0.996922, -0.259843, 0.022857, 199114
5.3, 5.4, 5.4, 5.3, -0.5, -0.5, 0.5, 0.5, 0.997263, -0.280429, 0.0186914, 199111
5.4, 5.5, 5.5, 5.4, -0.5, -0.5, 0.5, 0.5, 0.997227, -0.261637, 0.0163655, 199145
5.5, 5.6, 5.6, 5.5, -0.5, -0.5, 0.5, 0.5, 0.997086, -0.27728, 0.0203674, 199136
5.6, 5.7, 5.7, 5.6, -0.5, -0.5, 0.5, 0.5, 0.997397, -0.307645, 0.0143621, 199182
5.7, 5.8, 5.8, 5.7, -0.5, -0.5, 0.5, 0.5, 0.997304, -0.285869, 0.0165588, 199191
5.8, 5.9, 5.9, 5.8, -0.5, -0.5, 0.5, 0.5, 0.997316, -0.270687, 0.0148517, 199221
5.9, 6, 6, 5.9, -0.5, -0.5, 0.5, 0.5, 0.997574, -0.239555, 0.0174806, 199242
6, 6.1, 6.1, 6, -0.5, -0.5, 0.5, 0.5, 0.997505, -0.230672, 0.0128723, 199270
6.1, 6.2, 6.2, 6.1, -0.5, -0.5, 0.5, 0.5, 0.997753, -0.240892, 0.0146245, 199276
6.2, 6.3, 6.3, 6.2, -0.5, -0.5, 0.5, 0.5, 0.997647, -0.236358, 0.0140768, 199261
6.3, 6.4, 6.4, 6.3, -0.5, -0.5, 0.5, 0.5, 0.997539, -0.215932, 0.00764302, 199264
6.4, 6.5, 6.5, 6.4, -0.5, -0.5, 0.5, 0.5, 0.997515, -0.210365, 0.0137662, 199275
6.5, 6.6, 6.6, 6.5, -0.5, -0.5, 0.5, 0.5, 0.997573, -0.233713, 0.00237726, 199263
6.6, 6.7, 6.7, 6.6, -0.5, -0.5, 0.5, 0.5, 0.997793, -0.239276, 0.0119195, 199313
6.7, 6.8, 6.8, 6.7, -0.5, -0.5, 0.5, 0.5, 0.997649, -0.233754, 0.00940111, 199296
6.8, 6.9, 6.9, 6.8, -0.5, -0.5, 0.5, 0.5, 0.998076, -0.242177, 0.00479846, 199382
6.9, 7, 7, 6.9, -0.5, -0.5, 0.5, 0.5, 0.997941, -0.228225, 0.00853293, 199380
7, 7.1, 7.1, 7, -0.5, -0.5, 0.5, 0.5, 0.9979, -0.223676, 0.00970639, 199363
7.1, 7.2, 7.2, 7.1, -0.5, -0.5, 0.5, 0.5, 0.998067, -0.229318, 0.00619848, 199410
7.2, 7.3, 7.3, 7.2, -0.5, -0.5, 0.5, 0.5, 0.998045, -0.213835, 0.0115901, 199400
7.3, 7.4, 7.4, 7.3, -0.5, -0.5, 0.5, 0.5, 0.998019, -0.19681, 0.0114762, 199390
7.4, 7.5, 7.5, 7.4, -0.5, -0.5, 0.5, 0.5, 0.9982, -0.208835, 0.013433, 199464
7.5, 7.6, 7.6, 7.5, -0.5, -0.5, 0.5, 0.5, 0.998384, -0.21291, 0.0220781, 199497
7.6, 7.7, 7.7, 7.6, -0.5, -0.5, 0.5, 0.5, 0.998233, -0.1831, 0.0117432, 199473
7.7, 7.8, 7.8, 7.7, -0.5, -0.5, 0.5, 0.5, 0.998398, -0.166981, 0.0168086, 199525
7.8, 7.9, 7.9, 7.8, -0.5, -0.5, 0.5, 0.5, 0.998228, -0.180431, 0.013873, 199479
7.9, 8, 8, 7.9, -0.5, -0.5, 0.5, 0.5, 0.998463, -0.183099, 0.0124479, 199533
8, 8.1, 8.1, 8, -0.5, -0.5, 0.5, 0.5, 0.998403, -0.165591, 0.00745837, 199531
8.1, 8.2, 8.2, 8.1, -0.5, -0.5, 0.5, 0.5, 0.998496, -0.17477, 0.00968191, 199544
8.2, 8.3, 8.3, 8.2, -0.5, -0.5, 0.5, 0.5, 0.99853, -0.160129, 0.00385414, 199566
8.3, 8.4, 8.4, 8.3, -0.5, -0.5, 0.5, 0.5, 0.99866, -0.166042, 0.00798878, 199594
8.4, 8.5, 8.5, 8.4, -0.5, -0.5, 0.5, 0.5, 0.998593, -0.130296, 0.00307299, 199592
8.5, 8.6, 8.6, 8.5, -0.5, -0.5, 0.5, 0.5, 0.998871, -0.127587, 0.00636636, 199666
8.6, 8.7, 8.7, 8.6, -0.5, -0.5, 0.5, 0.5, 0.998907, -0.120805, 0.000788559, 199675
8.7, 8.8, 8.8, 8.7, -0.5, -0.5, 0.5, 0.5, 0.998894, -0.110746, 0.00473084, 199677
8.8, 8.9, 8.9, 8.8, -0.5, -0.5, 0.5, 0.5, 0.999, -0.121248, -0.0017724, 199707
8.9, 9, 9, 8.9, -0.5, -0.5, 0.5, 0.5, 0.998999, -0.0976983, 0.0026381, 199707
9, 9.1, 9.1, 9, -0.5, -0.5, 0.5, 0.5, 0.999083, -0.0938908, -0.000687298, 199737
9.1, 9.2, 9.2, 9.1, -0.5, -0.5, 0.5, 0.5, 0.999141, -0.108229, 0.000558132, 199746
9.2, 9.3, 9.3, 9.2, -0.5, -0.5, 0.5, 0.5, 0.998995, -0.0838534, 3.84418e-05, 199713
9.3, 9.4, 9.4, 9.3, -0.5, -0.5, 0.5, 0.5, 0.999255, -0.0869405, 3.81356e-05, 199782
9.4, 9.5, 9.5, 9.4, -0.5, -0.5, 0.5, 0.5, 0.99927, -0.0699849, 8.59166e-06, 199790
9.5, 9.6, 9.6, 9.5, -0.5, -0.5, 0.5, 0.5, 0.999394, -0.0619698, 7.2153e-06, 199826
9.6, 9.7, 9.7, 9.6, -0.5, -0.5, 0.5, 0.5, 0.999519, -0.0487217, -2.64342e-15, 199863
9.7, 9.8, 9.8, 9.7, -0.5, -0.5, 0.5, 0.5, 0.999591, -0.038842, 0, 199883
9.8, 9.9, 9.9, 9.8, -0.5, -0.5, 0.5, 0.5, 0.999747, -0.0262504, 0, 199928
9.9, 10, 10, 9.9, -0.5, -0.5, 0.5, 0.5, 0.999761, -0.0191211, 0, 199933
10, 10.1, 10.1, 10, -0.5, -0.5, 0.5, 0.5, 0.999761, -0.0191211, 0, 199933
-0.1, -1.3878e-17, -1.3878e-17, -0.1, 0.5, 0.5, 1.5, 1.5, 1.02142, 0.0490415, 0.310034, 203848
-1.3878e-17, 0.1, 0.1, -1.3878e-17, 0.5, 0.5, 1.5, 1.5, 1.02142, -0.0490415, 0.310034, 203848
0.1, 0.2, 0.2, 0.1, 0.5, 0.5, 1.5, 1.5, 1.02502, -0.0926614, -0.117128, 203882
0.2, 0.3, 0.3, 0.2, 0.5, 0.5, 1.5, 1.5, 0.999102, -0.0510545, -0.125436, 203851
0.3, 0.4, 0.4, 0.3, 0.5, 0.5, 1.5, 1.5, 0.987244, -0.0658217, -0.115004, 203831
0.4, 0.5, 0.5, 0.4, 0.5, 0.5, 1.5, 1.5, 0.978517, -0.0466776, -0.0949203, 203819
0.5, 0.6, 0.6, 0.5, 0.5, 0.5, 1.5, 1.5, 0.978659, 0.0321551, -0.105449, 203747
0.6, 0.7, 0.7, 0.6, 0.5, 0.5, 1.5, 1.5, 0.978029, 0.088381, -0.101861, 203697
0.7, 0.8, 0.8, 0.7, 0.5, 0.5, 1.5, 1.5, 0.976304, 0.133245, -0.108009, 203670
0.8, 0.9, 0.9, 0.8, 0.5, 0.5, 1.5, 1.5, 0.975037, 0.20914, -0.115327, 203669
0.9, 1, 1, 0.9, 0.5, 0.5, 1.5, 1.5, 0.973573, 0.18884, -0.115832, 203621
1, 1.1, 1.1, 1, 0.5, 0.5, 1.5, 1.5, 0.972168, 0.159322, -0.129274, 203591
1.1, 1.2, 1.2, 1.1, 0.5, 0.5, 1.5, 1.5, 0.970233, 0.0968994, -0.142636, 203550
1.2, 1.3, 1.3, 1.2, 0.5, 0.5, 1.5, 1.5, 0.967364, -0.00485278, -0.16288, 203488
1.3, 1.4, 1.4, 1.3, 0.5, 0.5, 1.5, 1.5, 0.970651, -0.0365267, -0.173809, 203418
1.4, 1.5, 1.5, 1.4, 0.5, 0.5, 1.5, 1.5, 0.96913, 0.023459, -0.212455, 203216
1.5, 1.6, 1.6, 1.5, 0.5, 0.5, 1.5, 1.5, 0.969835, 0.0987186, -0.225081, 203037
1.6, 1.7, 1.7, 1.6, 0.5, 0.5, 1.5, 1.5, 0.96928, 0.178272, -0.253129, 202904
1.7, 1.8, 1.8, 1.7, 0.5, 0.5, 1.5, 1.5, 0.996749, 0.257203, -0.308527, 202820
1.8, 1.9, 1.9, 1.8, 0.5, 0.5, 1.5, 1.5, 0.980041, 0.414634, -0.338252, 202895
1.9, 2, 2, 1.9, 0.5, 0.5, 1.5, 1.5, 0.976375, 0.814476, -0.384089, 203120
2, 2.1, 2.1, 2, 0.5, 0.5, 1.5, 1.5, 0.975114, 1.41083, -0.387542, 203516
2.1, 2.2, 2.2, 2.1, 0.5, 0.5, 1.5, 1.5, 1.0017, 2.24357, -0.392973, 204220
2.2, 2.3, 2.3, 2.2, 0.5, 0.5, 1.5, 1.5, 0.990957, 3.4326, -0.42751, 205260
2.3, 2.4, 2.4, 2.3, 0.5, 0.5, 1.5, 1.5, 1.00995, 5.29939, -0.461892, 206721
2.4, 2.5, 2.5, 2.4, 0.5, 0.5, 1.5, 1.5, 1.00334, 7.53444, -0.45941, 208619
2.5, 2.6, 2.6, 2.5, 0.5, 0.5, 1.5, 1.5, 1.02508, 10.4143, -0.455281, 210926
2.6, 2.7, 2.7, 2.6, 0.5, 0.5, 1.5, 1.5, 1.0173, 13.1406, -0.33321, 213423
2.7, 2.8, 2.8, 2.7, 0.5, 0.5, 1.5, 1.5, 1.04135, 16.261, -0.323986, 215888
2.8, 2.9, 2.9, 2.8, 0.5, 0.5, 1.5, 1.5, 1.03534, 18.6991, -0.184201, 218124
2.9, 3, 3, 2.9, 0.5, 0.5, 1.5, 1.5, 1.0548, 21.1779, -0.220576, 220205
3, 3.1, 3.1, 3, 0.5, 0.5, 1.5, 1.5, 1.04852, 22.4941, -0.126583, 222126
3.1, 3.2, 3.2, 3.1, 0.5, 0.5, 1.5, 1.5, 1.05029, 24.3791, -0.168029, 224215
3.2, 3.3, 3.3, 3.2, 0.5, 0.5, 1.5, 1.5, 1.06529, 26.4526, -0.0710369, 224505
3.3, 3.4, 3.4, 3.3, 0.5, 0.5, 1.5, 1.5, 1.06004, 26.606, -0.13644, 224451
3.4, 3.5, 3.5, 3.4, 0.5, 0.5, 1.5, 1.5, 1.06422, 25.7864, -0.0391748, 223600
3.5, 3.6, 3.6, 3.5, 0.5, 0.5, 1.5, 1.5, 1.06041, 23.5924, -0.0158601, 222219
3.6, 3.7, 3.7, 3.6, 0.5, 0.5, 1.5, 1.5, 1.05391, 20.21, 0.00442719, 219185
3.7, 3.8, 3.8, 3.7, 0.5, 0.5, 1.5, 1.5, 1.04488, 15.9647, 0.00287491, 215209
3.8, 3.9, 3.9, 3.8, 0.5, 0.5, 1.5, 1.5, 1.03339, 11.6192, 0.00369471, 211047
3.9, 4, 4, 3.9, 0.5, 0.5, 1.5, 1.5, 1.02284, 7.77057, 0.0102477, 207229
4, 4.1, 4.1, 4, 0.5, 0.5, 1.5, 1.5, 1.01367, 4.7166, 0.00900789, 204142
4.1, 4.2, 4.2, 4.1, 0.5, 0.5, 1.5, 1.5, 1.00649, 2.52746, 0.00294482, 201891
4.2, 4.3, 4.3, 4.2, 0.5, 0.5, 1.5, 1.5, 1.00171, 1.10024, 0.00301474, 200403
4.3, 4.4, 4.4, 4.3, 0.5, 0.5, 1.5, 1.5, 0.99881, 0.265514, 0.00322519, 199534
4.4, 4.5, 4.5, 4.4, 0.5, 0.5, 1.5, 1.5, 0.997167, -0.137525, 0.00563612, 199130
4.5, 4.6, 4.6, 4.5, 0.5, 0.5, 1.5, 1.5, 0.997103, -0.319334, 0.00233037, 199014
4.6, 4.7, 4.7, 4.6, 0.5, 0.5, 1.5, 1.5, 0.996906, -0.382103, 0.000438504, 199015
4.7, 4.8, 4.8, 4.7, 0.5, 0.5, 1.5, 1.5, 0.996493, -0.327415, -0.00116658, 198954
4.8, 4.9, 4.9, 4.8, 0.5, 0.5, 1.5, 1.5, 0.99675, -0.315901, -0.0052835, 198989
4.9, 5, 5, 4.9, 0.5, 0.5, 1.5, 1.5, 0.996708, -0.314957, -0.00834912, 199018
5, 5.1, 5.1, 5, 0.5, 0.5, 1.5, 1.5, 0.99662, -0.274437, -0.00340247, 198979
5.1, 5.2, 5.2, 5.1, 0.5, 0.5, 1.5, 1.5, 0.996871, -0.283874, -0.0127494, 199063
5.2, 5.3, 5.3, 5.2, 0.5, 0.5, 1.5, 1.5, 0.997063, -0.289012, -0.0106983, 199039
5.3, 5.4, 5.4, 5.3, 0.5, 0.5, 1.5, 1.5, 0.997095, -0.296101, -0.00814589, 199097
5.4, 5.5, 5.5, 5.4, 0.5, 0.5, 1.5, 1.5, 0.997114, -0.272657, -0.012956, 199127
5.5, 5.6, 5.6, 5.5, 0.5, 0.5, 1.5, 1.5, 0.997214, -0.27352, -0.0136545, 199133
5.6, 5.7, 5.7, 5.6, 0.5, 0.5, 1.5, 1.5, 0.997119, -0.252811, -0.0114827, 199122
5.7, 5.8, 5.8, 5.7, 0.5, 0.5, 1.5, 1.5, 0.997172, -0.247869, -0.0102771, 199154
5.8, 5.9, 5.9, 5.8, 0.5, 0.5, 1.5, 1.5, 0.997294, -0.268957, -0.0145768, 199177
5.9, 6, 6, 5.9, 0.5, 0.5, 1.5, 1.5, 0.997376, -0.253211, -0.00379501, 199195
6, 6.1, 6.1, 6, 0.5, 0.5, 1.5, 1.5, 0.997585, -0.233175, -0.00911958, 199254
6.1, 6.2, 6.2, 6.1, 0.5, 0.5, 1.5, 1.5, 0.997626, -0.23543, -0.00539758, 199271
6.2, 6.3, 6.3, 6.2, 0.5, 0.5, 1.5, 1.5, 0.997572, -0.236218, -0.00951574, 199281
6.3, 6.4, 6.4, 6.3, 0.5, 0.5, 1.5, 1.5, 0.997385, -0.227744, -0.00838587, 199226
6.4, 6.5, 6.5, 6.4, 0.5, 0.5, 1.5, 1.5, 0.997643, -0.237564, -0.00903057, 199271
6.5, 6.6, 6.6, 6.5, 0.5, 0.5, 1.5, 1.5, 0.997677, -0.222564, -0.0117048, 199303
6.6, 6.7, 6.7, 6.6, 0.5, 0.5, 1.5, 1.5, 0.997715, -0.204276, -0.00668718, 199327
6.7, 6.8, 6.8, 6.7, 0.5, 0.5, 1.5, 1.5, 0.997756, -0.229433, -0.00483377, 199298
6.8, 6.9, 6.9, 6.8, 0.5, 0.5, 1.5, 1.5, 0.997735, -0.236025, -0.00634972, 199332
6.9, 7, 7, 6.9, 0.5, 0.5, 1.5, 1.5, 0.997759, -0.20015, -0.00323352, 199322
7, 7.1, 7.1, 7, 0.5, 0.5, 1.5, 1.5, 0.99784, -0.220636, -0.00045553, 199353
7.1, 7.2, 7.2, 7.1, 0.5, 0.5, 1.5, 1.5, 0.998039, -0.213152, -0.000882585, 199389
7.2, 7.3, 7.3, 7.2, 0.5, 0.5, 1.5, 1.5, 0.997817, -0.19383, -0.000887045, 199360
7.3, 7.4, 7.4, 7.3, 0.5, 0.5, 1.5, 1.5, 0.998121, -0.191271, 0.0019354, 199424
7.4, 7.5, 7.5, 7.4, 0.5, 0.5, 1.5, 1.5, 0.99824, -0.185565, 0.00121492, 199459
7.5, 7.6, 7.6, 7.5, 0.5, 0.5, 1.5, 1.5, 0.998156, -0.171526, 0.00417402, 199469
7.6, 7.7, 7.7, 7.6, 0.5, 0.5, 1.5, 1.5, 0.998239, -0.17713, 0.00171844, 199463
7.7, 7.8, 7.8, 7.7, 0.5, 0.5, 1.5, 1.5, 0.998201, -0.175935, 0.00666975, 199471
7.8, 7.9, 7.9, 7.8, 0.5, 0.5, 1.5, 1.5, 0.998133, -0.204045, 0.00349168, 199430
7.9, 8, 8, 7.9, 0.5, 0.5, 1.5, 1.5, 0.99828, -0.220812, 0.00797853, 199477
8, 8.1, 8.1, 8, 0.5, 0.5, 1.5, 1.5, 0.998348, -0.20114, 0.00491191, 199506
8.1, 8.2, 8.2, 8.1, 0.5, 0.5, 1.5, 1.5, 0.998438, -0.189606, 0.00782207, 199522
8.2, 8.3, 8.3, 8.2, 0.5, 0.5, 1.5, 1.5, 0.998486, -0.170559, 0.00585093, 199553
8.3, 8.4, 8.4, 8.3, 0.5, 0.5, 1.5, 1.5, 0.998567, -0.1783, 0.00992626, 199569
8.4, 8.5, 8.5, 8.4, 0.5, 0.5, 1.5, 1.5, 0.998494, -0.15438, 0.00724764, 199545
8.5, 8.6, 8.6, 8.5, 0.5, 0.5, 1.5, 1.5, 0.998667, -0.152538, 0.00732676, 199612
8.6, 8.7, 8.7, 8.6, 0.5, 0.5, 1.5, 1.5, 0.998751, -0.148881, 0.00443228, 199624
8.7, 8.8, 8.8, 8.7, 0.5, 0.5, 1.5, 1.5, 0.998757, -0.139855, 0.00175165, 199642
8.8, 8.9, 8.9, 8.8, 0.5, 0.5, 1.5, 1.5, 0.998857, -0.145454, 0.0018414, 199659
8.9, 9, 9, 8.9, 0.5, 0.5, 1.5, 1.5, 0.99884, -0.118227, 0.000505197, 199666
9, 9.1, 9.1, 9, 0.5, 0.5, 1.5, 1.5, 0.998995, -0.132295, 0.00010669, 199698
9.1, 9.2, 9.2, 9.1, 0.5, 0.5, 1.5, 1.5, 0.998956, -0.099778, 0.000361771, 199698
9.2, 9.3, 9.3, 9.2, 0.5, 0.5, 1.5, 1.5, 0.999091, -0.0954227, -1.71798e-05, 199735
9.3, 9.4, 9.4, 9.3, 0.5, 0.5, 1.5, 1.5, 0.999199, -0.0841529, 0.000329492, 199768
9.4, 9.5, 9.5, 9.4, 0.5, 0.5, 1.5, 1.5, 0.999298, -0.0717473, 6.93137e-05, 199798
9.5, 9.6, 9.6, 9.5, 0.5, 0.5, 1.5, 1.5, 0.999402, -0.0600707, -2.32055e-07, 199828
9.6, 9.7, 9.7, 9.6, 0.5, 0.5, 1.5, 1.5, 0.999519, -0.0487227, -3.01943e-07, 199863
9.7, 9.8, 9.8, 9.7, 0.5, 0.5, 1.5, 1.5, 0.999591, -0.038842, 0, 199883
9.8, 9.9, 9.9, 9.8, 0.5, 0.5, 1.5, 1.5, 0.999747, -0.0262504, 0, 199928
9.9, 10, 10, 9.9, 0.5, 0.5, 1.5, 1.5, 0.999761, -0.0191211, 0, 199933
10, 10.1, 10.1, 10, 0.5, 0.5, 1.5, 1.5, 0.999761, -0.0191211, 0, 199933
-0.1, -1.3878e-17, -1.3878e-17, -0.1, 1.5, 1.5, 2.5, 2.5, 1.02134, 0.0421465, 0.471263, 203877
-1.3878e-17, 0.1, 0.1, -1.3878e-17, 1.5, 1.5, 2.5, 2.5, 1.02134, -0.0421465, 0.471263, 203877
0.1, 0.2, 0.2, 0.1, 1.5, 1.5, 2.5, 2.5, 1.02534, -0.106726, -0.215047, 203868
0.2, 0.3, 0.3, 0.2, 1.5, 1.5, 2.5, 2.5, 0.99975, -0.128046, -0.218337, 203909
0.3, 0.4, 0.4, 0.3, 1.5, 1.5, 2.5, 2.5, 0.987977, -0.121136, -0.201929, 203924
0.4, 0.5, 0.5, 0.4, 1.5, 1.5, 2.5, 2.5, 0.979484, -0.135981, -0.189277, 203947
0.5, 0.6, 0.6, 0.5, 1.5, 1.5, 2.5, 2.5, 0.979851, -0.0940886, -0.187605, 203950
0.6, 0.7, 0.7, 0.6, 1.5, 1.5, 2.5, 2.5, 0.979242, -0.119997, -0.195301, 203892
0.7, 0.8, 0.8, 0.7, 1.5, 1.5, 2.5, 2.5, 0.977628, -0.172827, -0.211331, 203825
0.8, 0.9, 0.9, 0.8, 1.5, 1.5, 2.5, 2.5, 0.976254, -0.229229, -0.234601, 203762
0.9, 1, 1, 0.9, 1.5, 1.5, 2.5, 2.5, 0.974944, -0.271946, -0.270538, 203721
1, 1.1, 1.1, 1, 1.5, 1.5, 2.5, 2.5, 0.973642, -0.332053, -0.296411, 203676
1.1, 1.2, 1.2, 1.1, 1.5, 1.5, 2.5, 2.5, 0.971725, -0.460358, -0.338319, 203604
1.2, 1.3, 1.3, 1.2, 1.5, 1.5, 2.5, 2.5, 0.967939, -0.535776, -0.404273, 203555
1.3, 1.4, 1.4, 1.3, 1.5, 1.5, 2.5, 2.5, 0.971291, -0.480117, -0.432031, 203393
1.4, 1.5, 1.5, 1.4, 1.5, 1.5, 2.5, 2.5, 0.969694, -0.38057, -0.46257, 203201
1.5, 1.6, 1.6, 1.5, 1.5, 1.5, 2.5, 2.5, 0.973544, -0.339503, -0.4914, 203038
1.6, 1.7, 1.7, 1.6, 1.5, 1.5, 2.5, 2.5, 0.971087, -0.354143, -0.536194, 203003
1.7, 1.8, 1.8, 1.7, 1.5, 1.5, 2.5, 2.5, 0.96637, -0.32509, -0.671054, 202975
1.8, 1.9, 1.9, 1.8, 1.5, 1.5, 2.5, 2.5, 0.964384, -0.293803, -0.687056, 203124
1.9, 2, 2, 1.9, 1.5, 1.5, 2.5, 2.5, 0.968317, -0.100225, -0.729204, 203402
2, 2.1, 2.1, 2, 1.5, 1.5, 2.5, 2.5, 0.97187, 0.296227, -0.800209, 203948
2.1, 2.2, 2.2, 2.1, 1.5, 1.5, 2.5, 2.5, 1.00401, 1.03787, -0.870027, 204786
2.2, 2.3, 2.3, 2.2, 1.5, 1.5, 2.5, 2.5, 0.989932, 2.47255, -0.996785, 205867
2.3, 2.4, 2.4, 2.3, 1.5, 1.5, 2.5, 2.5, 0.990224, 4.8955, -1.0843, 207406
2.4, 2.5, 2.5, 2.4, 1.5, 1.5, 2.5, 2.5, 0.98978, 7.46628, -1.16259, 209066
2.5, 2.6, 2.6, 2.5, 1.5, 1.5, 2.5, 2.5, 0.997005, 10.9706, -1.12, 211569
2.6, 2.7, 2.7, 2.6, 1.5, 1.5, 2.5, 2.5, 1.0357, 15.1789, -0.923629, 214335
2.7, 2.8, 2.8, 2.7, 1.5, 1.5, 2.5, 2.5, 1.03089, 18.0556, -0.821044, 217077
2.8, 2.9, 2.9, 2.8, 1.5, 1.5, 2.5, 2.5, 1.05012, 20.8583, -0.642228, 219331
2.9, 3, 3, 2.9, 1.5, 1.5, 2.5, 2.5, 1.04734, 22.7304, -0.546967, 221045
3, 3.1, 3.1, 3, 1.5, 1.5, 2.5, 2.5, 1.06106, 24.5379, -0.33847, 222371
3.1, 3.2, 3.2, 3.1, 1.5, 1.5, 2.5, 2.5, 1.05575, 25.4173, -0.271179, 223556
3.2, 3.3, 3.3, 3.2, 1.5, 1.5, 2.5, 2.5, 1.06795, 25.9831, -0.22926, 224503
3.3, 3.4, 3.4, 3.3, 1.5, 1.5, 2.5, 2.5, 1.05793, 26.4555, -0.229887, 225096
3.4, 3.5, 3.5, 3.4, 1.5, 1.5, 2.5, 2.5, 1.06403, 26.1084, -0.149976, 224017
3.5, 3.6, 3.6, 3.5, 1.5, 1.5, 2.5, 2.5, 1.06132, 23.7432, -0.102501, 222240
3.6, 3.7, 3.7, 3.6, 1.5, 1.5, 2.5, 2.5, 1.0542, 20.2554, -0.0698178, 219280
3.7, 3.8, 3.8, 3.7, 1.5, 1.5, 2.5, 2.5, 1.04472, 15.9849, -0.045644, 215278
3.8, 3.9, 3.9, 3.8, 1.5, 1.5, 2.5, 2.5, 1.03382, 11.6181, -0.0246973, 211079
3.9, 4, 4, 3.9, 1.5, 1.5, 2.5, 2.5, 1.02298, 7.75042, -0.0239863, 207269
4, 4.1, 4.1, 4, 1.5, 1.5, 2.5, 2.5, 1.01352, 4.70269, -0.0229065, 204192
4.1, 4.2, 4.2, 4.1, 1.5, 1.5, 2.5, 2.5, 1.00676, 2.51778, -0.0291285, 201932
4.2, 4.3, 4.3, 4.2, 1.5, 1.5, 2.5, 2.5, 1.00186, 1.08891, -0.0214922, 200441
4.3, 4.4, 4.4, 4.3, 1.5, 1.5, 2.5, 2.5, 0.99893, 0.241363, -0.0240619, 199562
4.4, 4.5, 4.5, 4.4, 1.5, 1.5, 2.5, 2.5, 0.997194, -0.165195, -0.0301401, 199136
4.5, 4.6, 4.6, 4.5, 1.5, 1.5, 2.5, 2.5, 0.996851, -0.317658, -0.0269153, 199027
4.6, 4.7, 4.7, 4.6, 1.5, 1.5, 2.5, 2.5, 0.997036, -0.358768, -0.0298421, 199041
4.7, 4.8, 4.8, 4.7, 1.5, 1.5, 2.5, 2.5, 0.996713, -0.328224, -0.0258816, 198995
4.8, 4.9, 4.9, 4.8, 1.5, 1.5, 2.5, 2.5, 0.99672, -0.310623, -0.0279501, 198970
4.9, 5, 5, 4.9, 1.5, 1.5, 2.5, 2.5, 0.996743, -0.308214, -0.0243163, 199014
5, 5.1, 5.1, 5, 1.5, 1.5, 2.5, 2.5, 0.99714, -0.306141, -0.0228644, 199082
5.1, 5.2, 5.2, 5.1, 1.5, 1.5, 2.5, 2.5, 0.997194, -0.30976, -0.035984, 199125
5.2, 5.3, 5.3, 5.2, 1.5, 1.5, 2.5, 2.5, 0.997171, -0.308379, -0.0282283, 199157
5.3, 5.4, 5.4, 5.3, 1.5, 1.5, 2.5, 2.5, 0.997451, -0.285343, -0.0276189, 199153
5.4, 5.5, 5.5, 5.4, 1.5, 1.5, 2.5, 2.5, 0.997296, -0.282249, -0.0314637, 199127
5.5, 5.6, 5.6, 5.5, 1.5, 1.5, 2.5, 2.5, 0.997237, -0.285178, -0.0314396, 199194
5.6, 5.7, 5.7, 5.6, 1.5, 1.5, 2.5, 2.5, 0.997572, -0.282521, -0.0329235, 199211
5.7, 5.8, 5.8, 5.7, 1.5, 1.5, 2.5, 2.5, 0.997435, -0.260514, -0.0349864, 199196
5.8, 5.9, 5.9, 5.8, 1.5, 1.5, 2.5, 2.5, 0.997169, -0.218445, -0.0362012, 199139
5.9, 6, 6, 5.9, 1.5, 1.5, 2.5, 2.5, 0.997482, -0.224319, -0.0275096, 199215
6, 6.1, 6.1, 6, 1.5, 1.5, 2.5, 2.5, 0.997578, -0.214854, -0.0319659, 199236
6.1, 6.2, 6.2, 6.1, 1.5, 1.5, 2.5, 2.5, 0.997525, -0.240179, -0.0237084, 199273
6.2, 6.3, 6.3, 6.2, 1.5, 1.5, 2.5, 2.5, 0.997764, -0.255328, -0.0298615, 199310
6.3, 6.4, 6.4, 6.3, 1.5, 1.5, 2.5, 2.5, 0.997503, -0.220189, -0.0242509, 199270
6.4, 6.5, 6.5, 6.4, 1.5, 1.5, 2.5, 2.5, 0.99758, -0.210441, -0.0304891, 199261
6.5, 6.6, 6.6, 6.5, 1.5, 1.5, 2.5, 2.5, 0.99788, -0.220441, -0.0212903, 199355
6.6, 6.7, 6.7, 6.6, 1.5, 1.5, 2.5, 2.5, 0.997945, -0.204009, -0.0286812, 199383
6.7, 6.8, 6.8, 6.7, 1.5, 1.5, 2.5, 2.5, 0.998008, -0.20852, -0.0242674, 199395
6.8, 6.9, 6.9, 6.8, 1.5, 1.5, 2.5, 2.5, 0.998037, -0.171786, -0.0230373, 199417
6.9, 7, 7, 6.9, 1.5, 1.5, 2.5, 2.5, 0.997958, -0.180242, -0.0152084, 199397
7, 7.1, 7.1, 7, 1.5, 1.5, 2.5, 2.5, 0.997922, -0.204608, -0.0210408, 199369
7.1, 7.2, 7.2, 7.1, 1.5, 1.5, 2.5, 2.5, 0.998128, -0.205987, -0.0150843, 199446
7.2, 7.3, 7.3, 7.2, 1.5, 1.5, 2.5, 2.5, 0.99815, -0.179813, -0.0178875, 199443
7.3, 7.4, 7.4, 7.3, 1.5, 1.5, 2.5, 2.5, 0.997925, -0.163965, -0.0129286, 199391
7.4, 7.5, 7.5, 7.4, 1.5, 1.5, 2.5, 2.5, 0.998236, -0.178357, -0.0136399, 199469
7.5, 7.6, 7.6, 7.5, 1.5, 1.5, 2.5, 2.5, 0.998348, -0.18052, -0.0172078, 199488
7.6, 7.7, 7.7, 7.6, 1.5, 1.5, 2.5, 2.5, 0.998222, -0.167, -0.0122286, 199469
7.7, 7.8, 7.8, 7.7, 1.5, 1.5, 2.5, 2.5, 0.998406, -0.156025, -0.0117641, 199532
7.8, 7.9, 7.9, 7.8, 1.5, 1.5, 2.5, 2.5, 0.998471, -0.158803, -0.0122503, 199530
7.9, 8, 8, 7.9, 1.5, 1.5, 2.5, 2.5, 0.998371, -0.166269, -0.00590065, 199523
8, 8.1, 8.1, 8, 1.5, 1.5, 2.5, 2.5, 0.998482, -0.172767, -0.00541791, 199542
8.1, 8.2, 8.2, 8.1, 1.5, 1.5, 2.5, 2.5, 0.998379, -0.156332, -0.00248275, 199524
8.2, 8.3, 8.3, 8.2, 1.5, 1.5, 2.5, 2.5, 0.998512, -0.148051, -0.0016443, 199552
8.3, 8.4, 8.4, 8.3, 1.5, 1.5, 2.5, 2.5, 0.998378, -0.151219, -0.000996738, 199523
8.4, 8.5, 8.5, 8.4, 1.5, 1.5, 2.5, 2.5, 0.998503, -0.158718, 0.00011742, 199549
8.5, 8.6, 8.6, 8.5, 1.5, 1.5, 2.5, 2.5, 0.998571, -0.15584, -0.000206402, 199578
8.6, 8.7, 8.7, 8.6, 1.5, 1.5, 2.5, 2.5, 0.998667, -0.178877, 0.000957435, 199602
8.7, 8.8, 8.8, 8.7, 1.5, 1.5, 2.5, 2.5, 0.998706, -0.159019, -0.00465701, 199613
8.8, 8.9, 8.9, 8.8, 1.5, 1.5, 2.5, 2.5, 0.998902, -0.139299, 0.000238934, 199681
8.9, 9, 9, 8.9, 1.5, 1.5, 2.5, 2.5, 0.998992, -0.125292, -0.00450403, 199706
9, 9.1, 9.1, 9, 1.5, 1.5, 2.5, 2.5, 0.999029, -0.0991983, 0.000551669, 199721
9.1, 9.2, 9.2, 9.1, 1.5, 1.5, 2.5, 2.5, 0.999135, -0.108601, -0.000674489, 199747
9.2, 9.3, 9.3, 9.2, 1.5, 1.5, 2.5, 2.5, 0.999033, -0.087542, 8.79337e-05, 199721
9.3, 9.4, 9.4, 9.3, 1.5, 1.5, 2.5, 2.5, 0.999167, -0.0847457, 0.000142658, 199759
9.4, 9.5, 9.5, 9.4, 1.5, 1.5, 2.5, 2.5, 0.999299, -0.073211, 9.13721e-05, 199798
9.5, 9.6, 9.6, 9.5, 1.5, 1.5, 2.5, 2.5, 0.999367, -0.0627086, 1.97558e-06, 199818
9.6, 9.7, 9.7, 9.6, 1.5, 1.5, 2.5, 2.5, 0.999519, -0.0487217, 0, 199863
9.7, 9.8, 9.8, 9.7, 1.5, 1.5, 2.5, 2.5, 0.999591, -0.038842, 0, 199883
9.8, 9.9, 9.9, 9.8, 1.5, 1.5, 2.5, 2.5, 0.999747, -0.0262504, 0, 199928
9.9, 10, 10, 9.9, 1.5, 1.5, 2.5, 2.5, 0.999761, -0.0191211, 0, 199933
10, 10.1, 10.1, 10, 1.5, 1.5, 2.5, 2.5, 0.999761, -0.0191211, 0, 199933
-1.3878e-17, 0.1, 0.1, -1.3878e-17, 2.5, 2.5, 3.5, 3.5, 1.02134, -0.0421465, 0.471263, 203877
0.1, 0.2, 0.2, 0.1, 2.5, 2.5, 3.5, 3.5, 1.02534, -0.106726, -0.215047, 203868
0.2, 0.3, 0.3, 0.2, 2.5, 2.5, 3.5, 3.5, 0.99975, -0.128046, -0.218337, 203909
0.3, 0.4, 0.4, 0.3, 2.5, 2.5, 3.5, 3.5, 0.987977, -0.121136, -0.201929, 203924
0.4, 0.5, 0.5, 0.4, 2.5, 2.5, 3.5, 3.5, 0.979484, -0.135981, -0.189277, 203947
0.5, 0.6, 0.6, 0.5, 2.5, 2.5, 3.5, 3.5, 0.979851, -0.0940886, -0.187605, 203950
0.6, 0.7, 0.7, 0.6, 2.5, 2.5, 3.5, 3.5, 0.979242, -0.119997, -0.195301, 203892
0.7, 0.8, 0.8, 0.7, 2.5, 2.5, 3.5, 3.5, 0.977628, -0.172827, -0.211331, 203825
0.8, 0.9, 0.9, 0.8, 2.5, 2.5, 3.5, 3.5, 0.976254, -0.229229, -0.234601, 203762
0.9, 1, 1, 0.9, 2.5, 2.5, 3.5, 3.5, 0.974944, -0.271946, -0.270538, 203721
1, 1.1, 1.1, 1, 2.5, 2.5, 3.5, 3.5, 0.973642, -0.332053, -0.296411, 203676
1.1, 1.2, 1.2, 1.1, 2.5, 2.5, 3.5, 3.5, 0.971725, -0.460358, -0.338319, 203604
1.2, 1.3, 1.3, 1.2, 2.5, 2.5, 3.5, 3.5, 0.967939, -0.535776, -0.404273, 203555
1.3, 1.4, 1.4, 1.3, 2.5, 2.5, 3.5, 3.5, 0.971291, -0.480117, -0.432031, 203393
1.4, 1.5, 1.5, 1.4, 2.5, 2.5, 3.5, 3.5, 0.969694, -0.38057, -0.46257, 203201
1.5, 1.6, 1.6, 1.5, 2.5, 2.5, 3.5, 3.5, 0.973544, -0.339503, -0.4914, 203038
1.6, 1.7, 1.7, 1.6, 2.5, 2.5, 3.5, 3.5, 0.971087, -0.354143, -0.536194, 203003
1.7, 1.8, 1.8, 1.7, 2.5, 2.5, 3.5, 3.5, 0.96637, -0.32509, -0.671054, 202975
1.8, 1.9, 1.9, 1.8, 2.5, 2.5, 3.5, 3.5, 0.964384, -0.293803, -0.687056, 203124
1.9, 2, 2, 1.9, 2.5, 2.5, 3.5, 3.5, 0.968317, -0.100225, -0.729204, 203402
2, 2.1, 2.1, 2, 2.5, 2.5, 3.5, 3.5, 0.97187, 0.296227, -0.800209, 203948
2.1, 2.2, 2.2, 2.1, 2.5, 2.5, 3.5, 3.5, 1.00401, 1.03787, -0.870027, 204786
2.2, 2.3, 2.3, 2.2, 2.5, 2.5, 3.5, 3.5, 0.989932, 2.47255, -0.996785, 205867
2.3, 2.4, 2.4, 2.3, 2.5, 2.5, 3.5, 3.5, 0.990224, 4.8955, -1.0843, 207406
2.4, 2.5, 2.5, 2.4, 2.5, 2.5, 3.5, 3.5, 0.98978, 7.46628, -1.16259, 209066
2.5, 2.6, 2.6, 2.5, 2.5, 2.5, 3.5, 3.5, 0.997005, 10.9706, -1.12, 211569
2.6, 2.7, 2.7, 2.6, 2.5, 2.5, 3.5, 3.5, 1.0357, 15.1789, -0.923629, 214335
2.7, 2.8, 2.8, 2.7, 2.5, 2.5, 3.5, 3.5, 1.03089, 18.0556, -0.821044, 217077
2.8, 2.9, 2.9, 2.8, 2.5, 2.5, 3.5, 3.5, 1.05012, 20.8583, -0.642228, 219331
2.9, 3, 3, 2.9, 2.5, 2.5, 3.5, 3.5, 1.04734, 22.7304, -0.546967, 221045
3, 3.1, 3.1, 3, 2.5, 2.5, 3.5, 3.5, 1.06106, 24.5379, -0.33847, 222371
3.1, 3.2, 3.2, 3.1, 2.5, 2.5, 3.5, 3.5, 1.05575, 25.4173, -0.271179, 223556
3.2, 3.3, 3.3, 3.2, 2.5, 2.5, 3.5, 3.5, 1.06795, 25.9831, -0.22926, 224503
3.3, 3.4, 3.4, 3.3, 2.5, 2.5, 3.5, 3.5, 1.05793, 26.4555, -0.229887, 225096
3.4, 3.5, 3.5, 3.4, 2.5, 2.5, 3.5, 3.5, 1.06403, 26.1084, -0.149976, 224017
3.5, 3.6, 3.6, 3.5, 2.5, 2.5, 3.5, 3.5, 1.06132, 23.7432, -0.102501, 222240
3.6, 3.7, 3.7, 3.6, 2.5, 2.5, 3.5, 3.5, 1.0542, 20.2554, -0.0698178, 219280
3.7, 3.8, 3.8, 3.7, 2.5, 2.5, 3.5, 3.5, 1.04472, 15.9849, -0.045644, 215278
3.8, 3.9, 3.9, 3.8, 2.5, 2.5, 3.5, 3.5, 1.03382, 11.6181, -0.0246973, 211079
3.9, 4, 4, 3.9, 2.5, 2.5, 3.5, 3.5, 1.02298, 7.75042, -0.0239863, 207269
4, 4.1, 4.1, 4, 2.5, 2.5, 3.5, 3.5, 1.01352, 4.70269, -0.0229065, 204192
4.1, 4.2, 4.2, 4.1, 2.5, 2.5, 3.5, 3.5, 1.00676, 2.51778, -0.0291285, 201932
4.2, 4.3, 4.3, 4.2, 2.5, 2.5, 3.5, 3.5, 1.00186, 1.08891, -0.0214922, 200441
4.3, 4.4, 4.4, 4.3, 2.5, 2.5, 3.5, 3.5, 0.99893, 0.241363, -0.0240619, 199562
4.4, 4.5, 4.5, 4.4, 2.5, 2.5, 3.5, 3.5, 0.997194, -0.165195, -0.0301401, 199136
4.5, 4.6, 4.6, 4.5, 2.5, 2.5, 3.5, 3.5, 0.996851, -0.317658, -0.0269153, 199027
4.6, 4.7, 4.7, 4.6, 2.5, 2.5, 3.5, 3.5, 0.997036, -0.358768, -0.0298421, 199041
4.7, 4.8, 4.8, 4.7, 2.5, 2.5, 3.5, 3.5, 0.996713, -0.328224, -0.0258816, 198995
4.8, 4.9, 4.9, 4.8, 2.5, 2.5, 3.5, 3.5, 0.99672, -0.310623, -0.0279501, 198970
4.9, 5, 5, 4.9, 2.5, 2.5, 3.5, 3.5, 0.996743, -0.308214, -0.0243163, 199014
5, 5.1, 5.1, 5, 2.5, 2.5, 3.5, 3.5, 0.99714, -0.306141, -0.0228644, 199082
5.1, 5.2, 5.2, 5.1, 2.5, 2.5, 3.5, 3.5, 0.997194, -0.30976, -0.035984, 199125
5.2, 5.3, 5.3, 5.2, 2.5, 2.5, 3.5, 3.5, 0.997171, -0.308379, -0.0282283, 199157
5.3, 5.4, 5.4, 5.3, 2.5, 2.5, 3.5, 3.5, 0.997451, -0.285343, -0.0276189, 199153
5.4, 5.5, 5.5, 5.4, 2.5, 2.5, 3.5, 3.5, 0.997296, -0.282249, -0.0314637, 199127
5.5, 5.6, 5.6, 5.5, 2.5, 2.5, 3.5, 3.5, 0.997237, -0.285178, -0.0314396, 199194
5.6, 5.7, 5.7, 5.6, 2.5, 2.5, 3.5, 3.5, 0.997572, -0.282521, -0.0329235, 199211
5.7, 5.8, 5.8, 5.7, 2.5, 2.5, 3.5, 3.5, 0.997435, -0.260514, -0.0349864, 199196
5.8, 5.9, 5.9, 5.8, 2.5, 2.5, 3.5, 3.5, 0.997169, -0.218445, -0.0362012, 199139
5.9, 6, 6, 5.9, 2.5, 2.5, 3.5, 3.5, 0.997482, -0.224319, -0.0275096, 199215
6, 6.1, 6.1, 6, 2.5, 2.5, 3.5, 3.5, 0.997578, -0.214854, -0.0319659, 199236
6.1, 6.2, 6.2, 6.1, 2.5, 2.5, 3.5, 3.5, 0.997525, -0.240179, -0.0237084, 199273
6.2, 6.3, 6.3, 6.2, 2.5, 2.5, 3.5, 3.5, 0.997764, -0.255328, -0.0298615, 199310
6.3, 6.4, 6.4, 6.3, 2.5, 2.5, 3.5, 3.5, 0.997503, -0.220189, -0.0242509, 199270
6.4, 6.5, 6.5, 6.4, 2.5, 2.5, 3.5, 3.5, 0.99758, -0.210441, -0.0304891, 199261
6.5, 6.6, 6.6, 6.5, 2.5, 2.5, 3.5, 3.5, 0.99788, -0.220441, -0.0212903, 199355
6.6, 6.7, 6.7, 6.6, 2.5, 2.5, 3.5, 3.5, 0.997945, -0.204009, -0.0286812, 199383
6.7, 6.8, 6.8, 6.7, 2.5, 2.5, 3.5, 3.5, 0.998008, -0.20852, -0.0242674, 199395
6.8, 6.9, 6.9, 6.8, 2.5, 2.5, 3.5, 3.5, 0.998037, -0.171786, -0.0230373, 199417
6.9, 7, 7, 6.9, 2.5, 2.5, 3.5, 3.5, 0.997958, -0.180242, -0.0152084, 199397
7, 7.1, 7.1, 7, 2.5, 2.5, 3.5, 3.5, 0.997922, -0.204608, -0.0210408, 199369
7.1, 7.2, 7.2, 7.1, 2.5, 2.5, 3.5, 3.5, 0.998128, -0.205987, -0.0150843, 199446
7.2, 7.3, 7.3, 7.2, 2.5, 2.5, 3.5, 3.5, 0.99815, -0.179813, -0.0178875, 199443
7.3, 7.4, 7.4, 7.3, 2.5, 2.5, 3.5, 3.5, 0.997925, -0.163965, -0.0129286, 199391
7.4, 7.5, 7.5, 7.4, 2.5, 2.5, 3.5, 3.5, 0.998236, -0.178357, -0.0136399, 199469
7.5, 7.6, 7.6, 7.5, 2.5, 2.5, 3.5, 3.5, 0.998348, -0.18052, -0.0172078, 199488
7.6, 7.7, 7.7, 7.6, 2.5, 2.5, 3.5, 3.5, 0.998222, -0.167, -0.0122286, 199469
7.7, 7.8, 7.8, 7.7, 2.5, 2.5, 3.5, 3.5, 0.998406, -0.156025, -0.0117641, 199532
7.8, 7.9, 7.9, 7.8, 2.5, 2.5, 3.5, 3.5, 0.998471, -0.158803, -0.0122503, 199530
7.9, 8, 8, 7.9, 2.5, 2.5, 3.5, 3.5, 0.998371, -0.166269, -0.00590065, 199523
8, 8.1, 8.1, 8, 2.5, 2.5, 3.5, 3.5, 0.998482, -0.172767, -0.00541791, 199542
8.1, 8.2, 8.2, 8.1, 2.5, 2.5, 3.5, 3.5, 0.998379, -0.156332, -0.00248275, 199524
8.2, 8.3, 8.3, 8.2, 2.5, 2.5, 3.5, 3.5, 0.998512, -0.148051, -0.0016443, 199552
8.3, 8.4, 8.4, 8.3, 2.5, 2.5, 3.5, 3.5, 0.998378, -0.151219, -0.000996738, 199523
8.4, 8.5, 8.5, 8.4, 2.5, 2.5, 3.5, 3.5, 0.998503, -0.158718, 0.00011742, 199549
8.5, 8.6, 8.6, 8.5, 2.5, 2.5, 3.5, 3.5, 0.998571, -0.15584, -0.000206402, 199578
8.6, 8.7, 8.7, 8.6, 2.5, 2.5, 3.5, 3.5, 0.998667, -0.178877, 0.000957435, 199602
8.7, 8.8, 8.8, 8.7, 2.5, 2.5, 3.5, 3.5, 0.998706, -0.159019, -0.00465701, 199613
8.8, 8.9, 8.9, 8.8, 2.5, 2.5, 3.5, 3.5, 0.998902, -0.139299, 0.000238934, 199681
8.9, 9, 9, 8.9, 2.5, 2.5, 3.5, 3.5, 0.998992, -0.125292, -0.00450403, 199706
9, 9.1, 9.1, 9, 2.5, 2.5, 3.5, 3.5, 0.999029, -0.0991983, 0.000551669, 199721
9.1, 9.2, 9.2, 9.1, 2.5, 2.5, 3.5, 3.5, 0.999135, -0.108601, -0.000674489, 199747
9.2, 9.3, 9.3, 9.2, 2.5, 2.5, 3.5, 3.5, 0.999033, -0.087542, 8.79337e-05, 199721
9.3, 9.4, 9.4, 9.3, 2.5, 2.5, 3.5, 3.5, 0.999167, -0.0847457, 0.000142658, 199759
9.4, 9.5, 9.5, 9.4, 2.5, 2.5, 3.5, 3.5, 0.999299, -0.073211, 9.13721e-05, 199798
9.5, 9.6, 9.6, 9.5, 2.5, 2.5, 3.5, 3.5, 0.999367, -0.0627086, 1.97558e-06, 199818
9.6, 9.7, 9.7, 9.6, 2.5, 2.5, 3.5, 3.5, 0.999519, -0.0487217, 0, 199863
9.7, 9.8, 9.8, 9.7, 2.5, 2.5, 3.5, 3.5, 0.999591, -0.038842, 0, 199883
9.8, 9.9, 9.9, 9.8, 2.5, 2.5, 3.5, 3.5, 0.999747, -0.0262504, 0, 199928
9.9, 10, 10, 9.9, 2.5, 2.5, 3.5, 3.5, 0.999761, -0.0191211, 0, 199933
