-1, 0, 0, -1, 2, 2, 2.5, 2.5, 1, 0, 0, 200000
-1, 0, 0, -1, 1.5, 1.5, 2, 2, 1, 0, 0, 200000
-1, 0, 0, -1, 1, 1, 1.5, 1.5, 1, 0, 0, 200000
-1, 0, 0, -1, 0.5, 0.5, 1, 1, 1, 0, 0, 200000
-1, 0, 0, -1, 0, 0, 0.5, 0.5, 1, 0, 0, 200000
-1, 0, 0, -1, -0.5, -0.5, 0, 0, 1, 0, 0, 200000
-1, 0, 0, -1, -1, -1, -0.5, -0.5, 1, 0, 0, 200000
-1, 0, 0, -1, -1.5, -1.5, -1, -1, 1, 0, 0, 200000
-1, 0, 0, -1, -2, -2, -1.5, -1.5, 1, 0, 0, 200000
-1, 0, 0, -1, -2.5, -2.5, -2, -2, 1, 0, 0, 200000
0, 1, 1, 0, 2.5, 2.5, 3, 3, 0.977863, 6.92947, -0.00366091, 194036
0, 1, 1, 0, 2, 2, 2.5, 2.5, 0.977863, 6.92947, 0.00366091, 194036
0, 1, 1, 0, 1.5, 1.5, 2, 2, 0.977852, 6.92658, 0.0118682, 194071
0, 1, 1, 0, 1, 1, 1.5, 1.5, 0.977897, 6.94853, -0.0169724, 194073
0, 1, 1, 0, 0.5, 0.5, 1, 1, 0.951695, 6.8318, -0.0756847, 193991
0, 1, 1, 0, 0, 0, 0.5, 0.5, 0.97766, 6.9427, -0.184937, 194075
0, 1, 1, 0, -0.5, -0.5, 0, 0, 0.975988, 6.88684, -0.161909, 194036
0, 1, 1, 0, -1, -1, -0.5, -0.5, 0.976313, 6.86346, -0.0708683, 194043
0, 1, 1, 0, -1.5, -1.5, -1, -1, 0.977122, 6.88727, -0.000973271, 194043
0, 1, 1, 0, -2, -2, -1.5, -1.5, 0.978001, 6.89175, -0.0178003, 194080
0, 1, 1, 0, -2.5, -2.5, -2, -2, 0.977589, 6.91921, -0.0309563, 194124
0, 1, 1, 0, -3, -3, -2.5, -2.5, 0.977589, 6.91921, 0.0309563, 194124
1, 2, 2, 1, 2.5, 2.5, 3, 3, 0.978421, 6.78519, -0.00163091, 193954
1, 2, 2, 1, 2, 2, 2.5, 2.5, 0.978421, 6.78519, 0.00163091, 193954
1, 2, 2, 1, 1.5, 1.5, 2, 2, 0.984401, 6.8496, 0.00240747, 194023
1, 2, 2, 1, 1, 1, 1.5, 1.5, 0.98467, 6.87877, -0.0172821, 193992
1, 2, 2, 1, 0.5, 0.5, 1, 1, 0.952796, 6.76169, -0.0388071, 194028
1, 2, 2, 1, 0, 0, 0.5, 0.5, 0.980179, 6.81761, -0.0645686, 194023
1, 2, 2, 1, -0.5, -0.5, 0, 0, 0.997161, 6.90344, -0.0664215, 194035
1, 2, 2, 1, -1, -1, -0.5, -0.5, 1.0024, 6.90537, -0.0568183, 193991
1, 2, 2, 1, -1.5, -1.5, -1, -1, 1.00053, 6.91353, -0.0505069, 194051
1, 2, 2, 1, -2, -2, -1.5, -1.5, 0.990475, 6.88933, -0.0653239, 194061
1, 2, 2, 1, -2.5, -2.5, -2, -2, 0.977956, 6.80375, -0.0572289, 194020
1, 2, 2, 1, -3, -3, -2.5, -2.5, 0.977956, 6.80375, 0.0572289, 194020
2, 3, 3, 2, 2.5, 2.5, 3, 3, 0.974478, 6.69589, 0.0181343, 193965
2, 3, 3, 2, 2, 2, 2.5, 2.5, 0.974478, 6.69589, -0.0181343, 193965
2, 3, 3, 2, 1.5, 1.5, 2, 2, 0.954269, 6.56047, -0.000527436, 193937
2, 3, 3, 2, 1, 1, 1.5, 1.5, 0.95561, 6.59107, 0.0697794, 194026
2, 3, 3, 2, 0.5, 0.5, 1, 1, 0.978518, 6.84117, 0.132061, 194062
2, 3, 3, 2, 0, 0, 0.5, 0.5, 0.970544, 6.6615, 0.102029, 194059
2, 3, 3, 2, -0.5, -0.5, 0, 0, 0.930629, 6.40015, 0.0987184, 194020
2, 3, 3, 2, -1, -1, -0.5, -0.5, 0.915332, 6.31563, 0.0994775, 194163
2, 3, 3, 2, -1.5, -1.5, -1, -1, 0.91551, 6.31669, 0.0183449, 193984
2, 3, 3, 2, -2, -2, -1.5, -1.5, 0.942801, 6.56929, -0.0888814, 194049
2, 3, 3, 2, -2.5, -2.5, -2, -2, 0.975859, 6.72958, -0.0597716, 194020
2, 3, 3, 2, -3, -3, -2.5, -2.5, 0.975859, 6.72958, 0.0597716, 194020
3, 4, 4, 3, 2.5, 2.5, 3, 3, 0.98182, 6.73734, 0.000963624, 193901
3, 4, 4, 3, 2, 2, 2.5, 2.5, 0.98182, 6.73734, -0.000963624, 193901
3, 4, 4, 3, 1.5, 1.5, 2, 2, 0.954802, 6.54926, 0.00546819, 193993
3, 4, 4, 3, 1, 1, 1.5, 1.5, 0.955477, 6.59284, 0.0242739, 194009
3, 4, 4, 3, 0.5, 0.5, 1, 1, 0.94518, 6.59046, 0.0534017, 194074
3, 4, 4, 3, 0, 0, 0.5, 0.5, 0.979357, 6.75093, 0.0309124, 194072
3, 4, 4, 3, -0.5, -0.5, 0, 0, 0.930762, 6.41469, 0.0383733, 194052
3, 4, 4, 3, -1, -1, -0.5, -0.5, 0.915191, 6.36151, 0.00216071, 193961
3, 4, 4, 3, -1.5, -1.5, -1, -1, 0.916234, 6.36924, -0.058922, 194125
3, 4, 4, 3, -2, -2, -1.5, -1.5, 0.94291, 6.62984, -0.131102, 194026
3, 4, 4, 3, -2.5, -2.5, -2, -2, 0.976509, 6.71725, -0.0736514, 194021
3, 4, 4, 3, -3, -3, -2.5, -2.5, 0.976509, 6.71725, 0.0736514, 194021
4, 5, 5, 4, 2.5, 2.5, 3, 3, 0.957156, 6.54671, -0.00670325, 193872
4, 5, 5, 4, 2, 2, 2.5, 2.5, 0.957156, 6.54671, 0.00670325, 193872
4, 5, 5, 4, 1.5, 1.5, 2, 2, 0.98313, 6.75068, -0.00471401, 193946
4, 5, 5, 4, 1, 1, 1.5, 1.5, 0.972897, 6.69337, -0.0260862, 194059
4, 5, 5, 4, 0.5, 0.5, 1, 1, 0.946626, 6.5902, 0.0179789, 194026
4, 5, 5, 4, 0, 0, 0.5, 0.5, 0.954488, 6.55889, 0.0328383, 193966
4, 5, 5, 4, -0.5, -0.5, 0, 0, 0.954319, 6.5994, 0.0692303, 194034
4, 5, 5, 4, -1, -1, -0.5, -0.5, 0.916971, 6.44343, 0.0580912, 193987
4, 5, 5, 4, -1.5, -1.5, -1, -1, 0.916813, 6.38682, -0.0778296, 194081
4, 5, 5, 4, -2, -2, -1.5, -1.5, 0.945898, 6.67031, -0.166375, 194046
4, 5, 5, 4, -2.5, -2.5, -2, -2, 0.975365, 6.62184, -0.0787675, 193969
4, 5, 5, 4, -3, -3, -2.5, -2.5, 0.975365, 6.62184, 0.0787675, 193969
5, 6, 6, 5, 2.5, 2.5, 3, 3, 0.957932, 6.5659, -0.00595558, 193932
5, 6, 6, 5, 2, 2, 2.5, 2.5, 0.957932, 6.5659, 0.00595558, 193932
5, 6, 6, 5, 1.5, 1.5, 2, 2, 0.926476, 6.44047, -0.0286852, 194042
5, 6, 6, 5, 1, 1, 1.5, 1.5, 0.953601, 6.53077, -0.0202012, 194244
5, 6, 6, 5, 0.5, 0.5, 1, 1, 0.912696, 6.37037, -0.0665322, 194098
5, 6, 6, 5, 0, 0, 0.5, 0.5, 0.95547, 6.54801, 0.00342463, 194076
5, 6, 6, 5, -0.5, -0.5, 0, 0, 0.895213, 6.27073, -0.0230056, 194183
5, 6, 6, 5, -1, -1, -0.5, -0.5, 0.923628, 6.48585, -0.0605771, 193976
5, 6, 6, 5, -1.5, -1.5, -1, -1, 0.919095, 6.45784, -0.107931, 194019
5, 6, 6, 5, -2, -2, -1.5, -1.5, 0.968976, 6.82652, -0.15618, 193995
5, 6, 6, 5, -2.5, -2.5, -2, -2, 0.976801, 6.58866, -0.0666003, 193929
5, 6, 6, 5, -3, -3, -2.5, -2.5, 0.976801, 6.58866, 0.0666003, 193929
6, 7, 7, 6, 2.5, 2.5, 3, 3, 0.927504, 6.32239, 0.00505044, 193894
6, 7, 7, 6, 2, 2, 2.5, 2.5, 0.927504, 6.32239, -0.00505044, 193894
6, 7, 7, 6, 1.5, 1.5, 2, 2, 0.927015, 6.50024, -0.0235283, 194024
6, 7, 7, 6, 1, 1, 1.5, 1.5, 0.954205, 6.49825, -0.0479028, 194019
6, 7, 7, 6, 0.5, 0.5, 1, 1, 0.913607, 6.35735, 0.00774125, 194000
6, 7, 7, 6, 0, 0, 0.5, 0.5, 0.980212, 6.69144, 0.0346512, 193960
6, 7, 7, 6, -0.5, -0.5, 0, 0, 0.895056, 6.30495, 0.00378622, 193908
6, 7, 7, 6, -1, -1, -0.5, -0.5, 0.967389, 6.76685, -0.0269839, 193928
6, 7, 7, 6, -1.5, -1.5, -1, -1, 0.92695, 6.52709, -0.047974, 193961
6, 7, 7, 6, -2, -2, -1.5, -1.5, 0.954145, 6.68071, -0.0485948, 193932
6, 7, 7, 6, -2.5, -2.5, -2, -2, 0.973994, 6.57732, -0.0335953, 193854
6, 7, 7, 6, -3, -3, -2.5, -2.5, 0.973994, 6.57732, 0.0335953, 193854
7, 8, 8, 7, 2.5, 2.5, 3, 3, 0.928081, 6.28298, -0.00973743, 193891
7, 8, 8, 7, 2, 2, 2.5, 2.5, 0.928081, 6.28298, 0.00973743, 193891
7, 8, 8, 7, 1.5, 1.5, 2, 2, 0.928235, 6.47999, 0.0282345, 193918
7, 8, 8, 7, 1, 1, 1.5, 1.5, 0.996566, 6.7545, 0.0692934, 193929
7, 8, 8, 7, 0.5, 0.5, 1, 1, 0.926841, 6.40068, 0.129331, 193965
7, 8, 8, 7, 0, 0, 0.5, 0.5, 0.920774, 6.32055, 0.107723, 193964
7, 8, 8, 7, -0.5, -0.5, 0, 0, 0.895861, 6.40483, -0.0081478, 194052
7, 8, 8, 7, -1, -1, -0.5, -0.5, 0.922759, 6.49164, -0.0459092, 193853
7, 8, 8, 7, -1.5, -1.5, -1, -1, 0.981069, 6.92546, -0.0894657, 193889
7, 8, 8, 7, -2, -2, -1.5, -1.5, 0.954453, 6.69056, -0.11146, 193844
7, 8, 8, 7, -2.5, -2.5, -2, -2, 0.993013, 6.75167, -0.058047, 193872
7, 8, 8, 7, -3, -3, -2.5, -2.5, 0.993013, 6.75167, 0.058047, 193872
8, 9, 9, 8, 2.5, 2.5, 3, 3, 0.908823, 6.27983, 0.0728274, 194222
8, 9, 9, 8, 2, 2, 2.5, 2.5, 0.908823, 6.27983, -0.0728274, 194222
8, 9, 9, 8, 1.5, 1.5, 2, 2, 0.972425, 6.86832, -0.0300399, 194001
8, 9, 9, 8, 1, 1, 1.5, 1.5, 0.902239, 6.25525, 0.0107299, 193955
8, 9, 9, 8, 0.5, 0.5, 1, 1, 0.898236, 6.39258, -0.0500421, 193985
8, 9, 9, 8, 0, 0, 0.5, 0.5, 0.921083, 6.44719, -0.09136, 193976
8, 9, 9, 8, -0.5, -0.5, 0, 0, 0.897525, 6.519, -0.0327909, 193961
8, 9, 9, 8, -1, -1, -0.5, -0.5, 0.923544, 6.59897, 0.000996281, 193990
8, 9, 9, 8, -1.5, -1.5, -1, -1, 0.915666, 6.6055, -0.0393365, 194119
8, 9, 9, 8, -2, -2, -1.5, -1.5, 0.972032, 6.87511, -0.0692207, 193833
8, 9, 9, 8, -2.5, -2.5, -2, -2, 0.938646, 6.49562, -0.0338311, 194010
8, 9, 9, 8, -3, -3, -2.5, -2.5, 0.938646, 6.49562, 0.0338311, 194010
9, 10, 10, 9, 2.5, 2.5, 3, 3, 0.908961, 6.45513, 0.0512531, 193887
9, 10, 10, 9, 2, 2, 2.5, 2.5, 0.908961, 6.45513, -0.0512531, 193887
9, 10, 10, 9, 1.5, 1.5, 2, 2, 0.944972, 6.74895, -0.0784764, 193937
9, 10, 10, 9, 1, 1, 1.5, 1.5, 0.902266, 6.45096, -0.0843937, 193926
9, 10, 10, 9, 0.5, 0.5, 1, 1, 0.899617, 6.52098, -0.034005, 193885
9, 10, 10, 9, 0, 0, 0.5, 0.5, 0.92246, 6.58401, 0.0197506, 193907
9, 10, 10, 9, -0.5, -0.5, 0, 0, 0.901239, 6.65068, -0.0371913, 193888
9, 10, 10, 9, -1, -1, -0.5, -0.5, 0.924964, 6.71057, -0.133306, 193855
9, 10, 10, 9, -1.5, -1.5, -1, -1, 0.915695, 6.69184, -0.0823443, 193825
9, 10, 10, 9, -2, -2, -1.5, -1.5, 0.956694, 6.82611, -0.0737337, 193785
9, 10, 10, 9, -2.5, -2.5, -2, -2, 0.938175, 6.58483, -0.0603151, 193743
9, 10, 10, 9, -3, -3, -2.5, -2.5, 0.938175, 6.58483, 0.0603151, 193743
10, 11, 11, 10, 2.5, 2.5, 3, 3, 0.909948, 6.61049, 0.0808583, 194000
10, 11, 11, 10, 2, 2, 2.5, 2.5, 0.909948, 6.61049, -0.0808583, 194000
10, 11, 11, 10, 1.5, 1.5, 2, 2, 0.94605, 6.80561, -0.0658256, 193807
10, 11, 11, 10, 1, 1, 1.5, 1.5, 0.903364, 6.53055, -0.0894373, 193840
10, 11, 11, 10, 0.5, 0.5, 1, 1, 0.897655, 6.52887, -0.091044, 193792
10, 11, 11, 10, 0, 0, 0.5, 0.5, 0.928842, 6.70066, -0.0795644, 193815
10, 11, 11, 10, -0.5, -0.5, 0, 0, 0.913344, 6.81431, -0.100492, 193908
10, 11, 11, 10, -1, -1, -0.5, -0.5, 0.932376, 6.81513, -0.0845728, 193915
10, 11, 11, 10, -1.5, -1.5, -1, -1, 0.917472, 6.71901, -0.0818427, 193899
10, 11, 11, 10, -2, -2, -1.5, -1.5, 0.957339, 6.86024, -0.0941527, 193843
10, 11, 11, 10, -2.5, -2.5, -2, -2, 0.941876, 6.6677, -0.0459558, 193799
10, 11, 11, 10, -3, -3, -2.5, -2.5, 0.941876, 6.6677, 0.0459558, 193799
11, 12, 12, 11, 2.5, 2.5, 3, 3, 0.911488, 6.69068, 0.0605619, 193774
11, 12, 12, 11, 2, 2, 2.5, 2.5, 0.911488, 6.69068, -0.0605619, 193774
11, 12, 12, 11, 1.5, 1.5, 2, 2, 0.91089, 6.58404, -0.119897, 193753
11, 12, 12, 11, 1, 1, 1.5, 1.5, 0.906592, 6.62169, -0.126197, 193791
11, 12, 12, 11, 0.5, 0.5, 1, 1, 0.897548, 6.58605, -0.229641, 193840
11, 12, 12, 11, 0, 0, 0.5, 0.5, 0.974534, 7.04531, -0.289572, 193838
11, 12, 12, 11, -0.5, -0.5, 0, 0, 0.970025, 7.15828, -0.221098, 193836
11, 12, 12, 11, -1, -1, -0.5, -0.5, 0.977093, 7.0887, -0.135284, 193838
11, 12, 12, 11, -1.5, -1.5, -1, -1, 0.92346, 6.77249, -0.127165, 193838
11, 12, 12, 11, -2, -2, -1.5, -1.5, 0.983554, 6.98468, -0.110607, 193787
11, 12, 12, 11, -2.5, -2.5, -2, -2, 0.973438, 6.89048, -0.0405182, 193787
11, 12, 12, 11, -3, -3, -2.5, -2.5, 0.973438, 6.89048, 0.0405182, 193787
12, 13, 13, 12, 2.5, 2.5, 3, 3, 0.916054, 6.79852, 0.0194466, 193815
12, 13, 13, 12, 2, 2, 2.5, 2.5, 0.916054, 6.79852, -0.0194466, 193815
12, 13, 13, 12, 1.5, 1.5, 2, 2, 0.910548, 6.60034, -0.0803341, 193796
12, 13, 13, 12, 1, 1, 1.5, 1.5, 0.915698, 6.74124, -0.123246, 193793
12, 13, 13, 12, 0.5, 0.5, 1, 1, 0.898574, 6.65619, -0.171431, 193780
12, 13, 13, 12, 0, 0, 0.5, 0.5, 0.917529, 6.64834, -0.213073, 194017
12, 13, 13, 12, -0.5, -0.5, 0, 0, 0.939495, 6.87376, -0.19023, 193723
12, 13, 13, 12, -1, -1, -0.5, -0.5, 0.937091, 6.70813, -0.092172, 193806
12, 13, 13, 12, -1.5, -1.5, -1, -1, 0.974502, 7.10292, -0.0332481, 193809
12, 13, 13, 12, -2, -2, -1.5, -1.5, 0.937298, 6.58666, -0.0319962, 193777
12, 13, 13, 12, -2.5, -2.5, -2, -2, 0.930561, 6.58339, -0.00781495, 193772
12, 13, 13, 12, -3, -3, -2.5, -2.5, 0.930561, 6.58339, 0.00781495, 193772
13, 14, 14, 13, 2.5, 2.5, 3, 3, 0.926157, 6.91903, 0.021339, 193736
13, 14, 14, 13, 2, 2, 2.5, 2.5, 0.926157, 6.91903, -0.021339, 193736
13, 14, 14, 13, 1.5, 1.5, 2, 2, 0.912266, 6.68022, -0.0813362, 193797
13, 14, 14, 13, 1, 1, 1.5, 1.5, 0.961544, 7.04745, -0.0785361, 193767
13, 14, 14, 13, 0.5, 0.5, 1, 1, 0.902352, 6.72367, -0.0432973, 193819
13, 14, 14, 13, 0, 0, 0.5, 0.5, 0.916823, 6.68973, -0.142212, 193783
13, 14, 14, 13, -0.5, -0.5, 0, 0, 0.94215, 6.84467, -0.126775, 193779
13, 14, 14, 13, -1, -1, -0.5, -0.5, 0.938129, 6.63747, -0.0521277, 193772
13, 14, 14, 13, -1.5, -1.5, -1, -1, 0.921851, 6.67642, -0.0359106, 193968
13, 14, 14, 13, -2, -2, -1.5, -1.5, 0.938449, 6.57897, -0.0465651, 193761
13, 14, 14, 13, -2.5, -2.5, -2, -2, 0.930872, 6.59908, -0.0478046, 193746
13, 14, 14, 13, -3, -3, -2.5, -2.5, 0.930872, 6.59908, 0.0478046, 193746
14, 15, 15, 14, 2.5, 2.5, 3, 3, 0.968174, 7.22474, -0.0155744, 193676
14, 15, 15, 14, 2, 2, 2.5, 2.5, 0.968174, 7.22474, 0.0155744, 193676
14, 15, 15, 14, 1.5, 1.5, 2, 2, 0.919446, 6.80328, 0.0709773, 193729
14, 15, 15, 14, 1, 1, 1.5, 1.5, 0.928502, 6.83947, 0.0970054, 193971
14, 15, 15, 14, 0.5, 0.5, 1, 1, 0.916848, 6.92479, 0.0826882, 193750
14, 15, 15, 14, 0, 0, 0.5, 0.5, 0.918495, 6.77548, 0.0942644, 193857
14, 15, 15, 14, -0.5, -0.5, 0, 0, 0.902521, 6.61522, 0.179606, 194062
14, 15, 15, 14, -1, -1, -0.5, -0.5, 0.906313, 6.55609, 0.198274, 193788
14, 15, 15, 14, -1.5, -1.5, -1, -1, 0.921151, 6.77138, -0.0111572, 193801
14, 15, 15, 14, -2, -2, -1.5, -1.5, 0.914965, 6.54719, -0.0621178, 193796
14, 15, 15, 14, -2.5, -2.5, -2, -2, 0.923581, 6.64734, -0.018254, 193783
14, 15, 15, 14, -3, -3, -2.5, -2.5, 0.923581, 6.64734, 0.018254, 193783
15, 16, 16, 15, 2.5, 2.5, 3, 3, 0.951726, 7.1354, 0.00303329, 193684
15, 16, 16, 15, 2, 2, 2.5, 2.5, 0.951726, 7.1354, -0.00303329, 193684
15, 16, 16, 15, 1.5, 1.5, 2, 2, 0.966533, 7.21745, -0.00879548, 193708
15, 16, 16, 15, 1, 1, 1.5, 1.5, 0.928276, 6.90554, 0.0286752, 193685
15, 16, 16, 15, 0.5, 0.5, 1, 1, 0.972369, 7.39715, 0.103411, 193725
15, 16, 16, 15, 0, 0, 0.5, 0.5, 0.923333, 6.88491, 0.154787, 193804
15, 16, 16, 15, -0.5, -0.5, 0, 0, 0.901871, 6.72524, 0.0950715, 193767
15, 16, 16, 15, -1, -1, -0.5, -0.5, 0.907824, 6.75859, 0.0595412, 194004
15, 16, 16, 15, -1.5, -1.5, -1, -1, 0.923228, 6.95776, 0.0844546, 193871
15, 16, 16, 15, -2, -2, -1.5, -1.5, 0.915363, 6.7521, 0.0506482, 193871
15, 16, 16, 15, -2.5, -2.5, -2, -2, 0.923878, 6.80742, -0.0217578, 193936
15, 16, 16, 15, -3, -3, -2.5, -2.5, 0.923878, 6.80742, 0.0217578, 193936
16, 17, 17, 16, 2.5, 2.5, 3, 3, 0.952685, 7.20793, -0.0180231, 193713
16, 17, 17, 16, 2, 2, 2.5, 2.5, 0.952685, 7.20793, 0.0180231, 193713
16, 17, 17, 16, 1.5, 1.5, 2, 2, 0.928968, 7.02652, 0.0635077, 193750
16, 17, 17, 16, 1, 1, 1.5, 1.5, 0.931093, 7.01658, 0.0337417, 193694
16, 17, 17, 16, 0.5, 0.5, 1, 1, 0.917218, 7.05205, 0.00179369, 193760
16, 17, 17, 16, 0, 0, 0.5, 0.5, 0.961072, 7.29886, 0.0470985, 193771
16, 17, 17, 16, -0.5, -0.5, 0, 0, 0.902564, 6.94716, 0.0647926, 193948
16, 17, 17, 16, -1, -1, -0.5, -0.5, 0.908148, 6.91296, -0.0269222, 193805
16, 17, 17, 16, -1.5, -1.5, -1, -1, 0.929206, 7.08641, -0.0398552, 193794
16, 17, 17, 16, -2, -2, -1.5, -1.5, 0.917354, 6.89231, -0.052064, 193841
16, 17, 17, 16, -2.5, -2.5, -2, -2, 0.925052, 6.90693, -0.0457235, 193806
16, 17, 17, 16, -3, -3, -2.5, -2.5, 0.925052, 6.90693, 0.0457235, 193806
17, 18, 18, 17, 2.5, 2.5, 3, 3, 0.976371, 7.38155, -0.0479004, 193785
17, 18, 18, 17, 2, 2, 2.5, 2.5, 0.976371, 7.38155, 0.0479004, 193785
17, 18, 18, 17, 1.5, 1.5, 2, 2, 0.929824, 7.10175, 0.0946717, 193848
17, 18, 18, 17, 1, 1, 1.5, 1.5, 0.968004, 7.38184, 0.0986753, 193809
17, 18, 18, 17, 0.5, 0.5, 1, 1, 0.917616, 7.14379, -0.010375, 193864
17, 18, 18, 17, 0, 0, 0.5, 0.5, 0.9546, 7.21053, -0.0044815, 193778
17, 18, 18, 17, -0.5, -0.5, 0, 0, 0.904007, 6.98044, 0.0907295, 193792
17, 18, 18, 17, -1, -1, -0.5, -0.5, 0.910041, 7.0277, 0.0814976, 193794
17, 18, 18, 17, -1.5, -1.5, -1, -1, 0.959919, 7.3285, 0.065327, 193707
17, 18, 18, 17, -2, -2, -1.5, -1.5, 0.923242, 6.99716, 0.0607613, 193717
17, 18, 18, 17, -2.5, -2.5, -2, -2, 0.931071, 7.01668, 0.0111786, 193796
17, 18, 18, 17, -3, -3, -2.5, -2.5, 0.931071, 7.01668, -0.0111786, 193796
18, 19, 19, 18, 2.5, 2.5, 3, 3, 0.926663, 6.94399, 0.0166395, 193717
18, 19, 19, 18, 2, 2, 2.5, 2.5, 0.926663, 6.94399, -0.0166395, 193717
18, 19, 19, 18, 1.5, 1.5, 2, 2, 0.932718, 7.10228, -0.0808335, 193774
18, 19, 19, 18, 1, 1, 1.5, 1.5, 0.93696, 7.08369, -0.0669908, 193721
18, 19, 19, 18, 0.5, 0.5, 1, 1, 0.919439, 7.1588, -0.0633578, 193819
18, 19, 19, 18, 0, 0, 0.5, 0.5, 0.954772, 7.12655, -0.0770851, 193749
18, 19, 19, 18, -0.5, -0.5, 0, 0, 0.906726, 6.97615, -0.0623184, 193716
18, 19, 19, 18, -1, -1, -0.5, -0.5, 0.913608, 7.05227, -0.0911801, 193767
18, 19, 19, 18, -1.5, -1.5, -1, -1, 0.956295, 7.25333, -0.0942757, 193714
18, 19, 19, 18, -2, -2, -1.5, -1.5, 0.963714, 7.28804, -0.0711032, 193703
18, 19, 19, 18, -2.5, -2.5, -2, -2, 0.970561, 7.35991, -0.0265297, 193722
18, 19, 19, 18, -3, -3, -2.5, -2.5, 0.970561, 7.35991, 0.0265297, 193722
19, 20, 20, 19, 2.5, 2.5, 3, 3, 0.926169, 6.97803, 0.0953991, 193831
19, 20, 20, 19, 2, 2, 2.5, 2.5, 0.926169, 6.97803, -0.0953991, 193831
19, 20, 20, 19, 1.5, 1.5, 2, 2, 0.960781, 7.3046, -0.0655541, 193776
19, 20, 20, 19, 1, 1, 1.5, 1.5, 0.938018, 7.04259, 0.0285503, 193778
19, 20, 20, 19, 0.5, 0.5, 1, 1, 0.923938, 7.16575, 0.0391962, 193780
19, 20, 20, 19, 0, 0, 0.5, 0.5, 0.981977, 7.25191, 0.044424, 193711
19, 20, 20, 19, -0.5, -0.5, 0, 0, 0.916003, 7.05089, 0.0525729, 193823
19, 20, 20, 19, -1, -1, -0.5, -0.5, 0.924274, 7.13906, 0.016464, 193773
19, 20, 20, 19, -1.5, -1.5, -1, -1, 0.956817, 7.2281, 0.00715374, 193699
19, 20, 20, 19, -2, -2, -1.5, -1.5, 0.954133, 7.15823, -0.023175, 193687
19, 20, 20, 19, -2.5, -2.5, -2, -2, 0.949655, 7.15466, -0.00817023, 193653
19, 20, 20, 19, -3, -3, -2.5, -2.5, 0.949655, 7.15466, 0.00817023, 193653
20, 21, 21, 20, 2.5, 2.5, 3, 3, 0.927617, 7.08168, 0.0369628, 193721
20, 21, 21, 20, 2, 2, 2.5, 2.5, 0.927617, 7.08168, -0.0369628, 193721
20, 21, 21, 20, 1.5, 1.5, 2, 2, 0.95303, 7.21021, -0.0318058, 193770
20, 21, 21, 20, 1, 1, 1.5, 1.5, 0.900966, 6.81161, -0.0320303, 193938
20, 21, 21, 20, 0.5, 0.5, 1, 1, 0.963018, 7.45822, -0.0508071, 193779
20, 21, 21, 20, 0, 0, 0.5, 0.5, 0.917824, 6.85265, -0.116447, 193695
20, 21, 21, 20, -0.5, -0.5, 0, 0, 0.966955, 7.46229, -0.258055, 193774
20, 21, 21, 20, -1, -1, -0.5, -0.5, 0.976063, 7.57243, -0.199165, 193764
20, 21, 21, 20, -1.5, -1.5, -1, -1, 0.987098, 7.42048, -0.116166, 193730
20, 21, 21, 20, -2, -2, -1.5, -1.5, 0.954877, 7.10124, -0.0716225, 193758
20, 21, 21, 20, -2.5, -2.5, -2, -2, 0.950732, 7.08873, -0.0306882, 193728
20, 21, 21, 20, -3, -3, -2.5, -2.5, 0.950732, 7.08873, 0.0306882, 193728
21, 22, 22, 21, 2.5, 2.5, 3, 3, 0.933077, 7.15696, -0.0439738, 193792
21, 22, 22, 21, 2, 2, 2.5, 2.5, 0.933077, 7.15696, 0.0439738, 193792
21, 22, 22, 21, 1.5, 1.5, 2, 2, 0.95322, 7.20901, 0.0837817, 193751
21, 22, 22, 21, 1, 1, 1.5, 1.5, 0.900887, 6.87477, 0.0718422, 193677
21, 22, 22, 21, 0.5, 0.5, 1, 1, 0.953446, 7.36309, 0.0628765, 193747
21, 22, 22, 21, 0, 0, 0.5, 0.5, 0.918749, 6.95768, 0.0193982, 193889
21, 22, 22, 21, -0.5, -0.5, 0, 0, 0.953528, 7.31325, -0.0157545, 193683
21, 22, 22, 21, -1, -1, -0.5, -0.5, 0.928797, 7.17476, -0.0254197, 193644
21, 22, 22, 21, -1.5, -1.5, -1, -1, 0.928002, 6.99755, -0.0478051, 193671
21, 22, 22, 21, -2, -2, -1.5, -1.5, 0.975818, 7.2778, -0.0918417, 193725
21, 22, 22, 21, -2.5, -2.5, -2, -2, 0.982841, 7.40323, -0.0571284, 193714
21, 22, 22, 21, -3, -3, -2.5, -2.5, 0.982841, 7.40323, 0.0571284, 193714
22, 23, 23, 22, 2.5, 2.5, 3, 3, 0.973309, 7.47245, -0.0820683, 193816
22, 23, 23, 22, 2, 2, 2.5, 2.5, 0.973309, 7.47245, 0.0820683, 193816
22, 23, 23, 22, 1.5, 1.5, 2, 2, 0.977297, 7.4343, 0.177254, 193810
22, 23, 23, 22, 1, 1, 1.5, 1.5, 0.901974, 7.00383, 0.165515, 193777
22, 23, 23, 22, 0.5, 0.5, 1, 1, 0.95403, 7.36528, 0.165596, 193725
22, 23, 23, 22, 0, 0, 0.5, 0.5, 0.919541, 7.02126, 0.151332, 193745
22, 23, 23, 22, -0.5, -0.5, 0, 0, 0.953926, 7.31703, 0.142744, 193763
22, 23, 23, 22, -1, -1, -0.5, -0.5, 0.92858, 7.1736, 0.14468, 193756
22, 23, 23, 22, -1.5, -1.5, -1, -1, 0.927637, 7.04874, 0.0665509, 193666
22, 23, 23, 22, -2, -2, -1.5, -1.5, 0.950953, 7.10828, 0.0233559, 193650
22, 23, 23, 22, -2.5, -2.5, -2, -2, 0.920854, 6.92358, 0.00528675, 193844
22, 23, 23, 22, -3, -3, -2.5, -2.5, 0.920854, 6.92358, -0.00528675, 193844
23, 24, 24, 23, 2.5, 2.5, 3, 3, 0.940327, 7.16422, -0.0488618, 193770
23, 24, 24, 23, 2, 2, 2.5, 2.5, 0.940327, 7.16422, 0.0488618, 193770
23, 24, 24, 23, 1.5, 1.5, 2, 2, 0.930183, 7.09959, 0.0779324, 194009
23, 24, 24, 23, 1, 1, 1.5, 1.5, 0.904561, 7.12381, 0.0294129, 193782
23, 24, 24, 23, 0.5, 0.5, 1, 1, 0.98154, 7.56463, -0.00443321, 193771
23, 24, 24, 23, 0, 0, 0.5, 0.5, 0.923659, 7.0887, 0.000560962, 193750
23, 24, 24, 23, -0.5, -0.5, 0, 0, 0.986117, 7.53119, 0.0216437, 193786
23, 24, 24, 23, -1, -1, -0.5, -0.5, 0.930694, 7.24257, 0.0558469, 193791
23, 24, 24, 23, -1.5, -1.5, -1, -1, 0.930992, 7.13854, 0.0199344, 193789
23, 24, 24, 23, -2, -2, -1.5, -1.5, 0.951447, 7.09216, 0.015656, 193759
23, 24, 24, 23, -2.5, -2.5, -2, -2, 0.920097, 6.90884, 0.00938341, 193655
23, 24, 24, 23, -3, -3, -2.5, -2.5, 0.920097, 6.90884, -0.00938341, 193655
24, 25, 25, 24, 2.5, 2.5, 3, 3, 0.941821, 7.10715, -0.0449716, 193786
24, 25, 25, 24, 2, 2, 2.5, 2.5, 0.941821, 7.10715, 0.0449716, 193786
24, 25, 25, 24, 1.5, 1.5, 2, 2, 0.929599, 7.15237, 0.0598236, 193744
24, 25, 25, 24, 1, 1, 1.5, 1.5, 0.911447, 7.20629, 0.0426431, 193790
24, 25, 25, 24, 0.5, 0.5, 1, 1, 0.937138, 7.20955, 0.0583819, 193743
24, 25, 25, 24, 0, 0, 0.5, 0.5, 0.985457, 7.54463, 0.108745, 193858
24, 25, 25, 24, -0.5, -0.5, 0, 0, 0.915627, 7.01456, 0.00148372, 193825
24, 25, 25, 24, -1, -1, -0.5, -0.5, 0.97365, 7.58706, -0.105639, 193859
24, 25, 25, 24, -1.5, -1.5, -1, -1, 0.97468, 7.46641, -0.0130021, 193773
24, 25, 25, 24, -2, -2, -1.5, -1.5, 0.982932, 7.36947, 0.0605441, 193778
24, 25, 25, 24, -2.5, -2.5, -2, -2, 0.922196, 7.04914, 0.0341601, 193785
24, 25, 25, 24, -3, -3, -2.5, -2.5, 0.922196, 7.04914, -0.0341601, 193785
25, 26, 26, 25, 2.5, 2.5, 3, 3, 0.925016, 7.08226, 0.0724365, 194068
25, 26, 26, 25, 2, 2, 2.5, 2.5, 0.925016, 7.08226, -0.0724365, 194068
25, 26, 26, 25, 1.5, 1.5, 2, 2, 0.9311, 7.20581, 0.00456193, 193793
25, 26, 26, 25, 1, 1, 1.5, 1.5, 0.960618, 7.62177, 0.15654, 193741
25, 26, 26, 25, 0.5, 0.5, 1, 1, 0.93796, 7.28601, 0.245648, 193754
25, 26, 26, 25, 0, 0, 0.5, 0.5, 0.901484, 7.05472, 0.171901, 193713
25, 26, 26, 25, -0.5, -0.5, 0, 0, 0.916735, 7.19996, 0.0910461, 193847
25, 26, 26, 25, -1, -1, -0.5, -0.5, 0.930481, 7.36802, 0.0597437, 193739
25, 26, 26, 25, -1.5, -1.5, -1, -1, 0.930684, 7.21761, 0.0337752, 193791
25, 26, 26, 25, -2, -2, -1.5, -1.5, 0.933765, 7.12231, 0.0449092, 193807
25, 26, 26, 25, -2.5, -2.5, -2, -2, 0.929055, 7.26874, 0.0242365, 193790
25, 26, 26, 25, -3, -3, -2.5, -2.5, 0.929055, 7.26874, -0.0242365, 193790
26, 27, 27, 26, 2.5, 2.5, 3, 3, 0.924822, 7.27123, 0.0154885, 193731
26, 27, 27, 26, 2, 2, 2.5, 2.5, 0.924822, 7.27123, -0.0154885, 193731
26, 27, 27, 26, 1.5, 1.5, 2, 2, 0.980455, 7.62365, -0.0347138, 193782
26, 27, 27, 26, 1, 1, 1.5, 1.5, 0.953323, 7.62184, -0.0421226, 193812
26, 27, 27, 26, 0.5, 0.5, 1, 1, 0.911326, 7.26845, -0.049127, 193724
26, 27, 27, 26, 0, 0, 0.5, 0.5, 0.902524, 7.24955, -0.0739714, 193982
26, 27, 27, 26, -0.5, -0.5, 0, 0, 0.918199, 7.29267, -0.0787259, 193835
26, 27, 27, 26, -1, -1, -0.5, -0.5, 0.931428, 7.49097, -0.100171, 193896
26, 27, 27, 26, -1.5, -1.5, -1, -1, 0.931764, 7.32666, -0.0966859, 193888
26, 27, 27, 26, -2, -2, -1.5, -1.5, 0.934309, 7.22614, -0.0885715, 193825
26, 27, 27, 26, -2.5, -2.5, -2, -2, 0.978274, 7.68925, -0.0452903, 193835
26, 27, 27, 26, -3, -3, -2.5, -2.5, 0.978274, 7.68925, 0.0452903, 193835
27, 28, 28, 27, 2.5, 2.5, 3, 3, 0.926499, 7.51165, 0.0187767, 193931
27, 28, 28, 27, 2, 2, 2.5, 2.5, 0.926499, 7.51165, -0.0187767, 193931
27, 28, 28, 27, 1.5, 1.5, 2, 2, 0.908897, 7.30575, -0.0565014, 193772
27, 28, 28, 27, 1, 1, 1.5, 1.5, 0.954025, 7.74455, -0.093368, 193872
27, 28, 28, 27, 0.5, 0.5, 1, 1, 0.91204, 7.40799, -0.0886062, 193944
27, 28, 28, 27, 0, 0, 0.5, 0.5, 0.903172, 7.3445, -0.0335443, 193866
27, 28, 28, 27, -0.5, -0.5, 0, 0, 0.92477, 7.40956, 0.000279042, 193863
27, 28, 28, 27, -1, -1, -0.5, -0.5, 0.934817, 7.57339, -0.00183718, 193823
27, 28, 28, 27, -1.5, -1.5, -1, -1, 0.934746, 7.38719, 0.0494901, 193862
27, 28, 28, 27, -2, -2, -1.5, -1.5, 0.937453, 7.32741, 0.162262, 193889
27, 28, 28, 27, -2.5, -2.5, -2, -2, 0.916865, 7.33707, 0.108219, 193853
27, 28, 28, 27, -3, -3, -2.5, -2.5, 0.916865, 7.33707, -0.108219, 193853
28, 29, 29, 28, 2.5, 2.5, 3, 3, 0.930573, 7.66355, -0.000165074, 193834
28, 29, 29, 28, 2, 2, 2.5, 2.5, 0.930573, 7.66355, 0.000165074, 193834
28, 29, 29, 28, 1.5, 1.5, 2, 2, 0.910153, 7.45336, 0.0156224, 193932
28, 29, 29, 28, 1, 1, 1.5, 1.5, 0.98408, 8.01197, -0.00454387, 193826
28, 29, 29, 28, 0.5, 0.5, 1, 1, 0.913539, 7.48437, -0.00170795, 193831
28, 29, 29, 28, 0, 0, 0.5, 0.5, 0.905526, 7.45559, 0.0242808, 193871
28, 29, 29, 28, -0.5, -0.5, 0, 0, 0.97329, 7.82123, 0.0290596, 193837
28, 29, 29, 28, -1, -1, -0.5, -0.5, 0.964711, 7.80132, 0.0476921, 193837
28, 29, 29, 28, -1.5, -1.5, -1, -1, 0.976448, 7.77912, 0.0186266, 193785
28, 29, 29, 28, -2, -2, -1.5, -1.5, 0.986853, 7.73428, 0.0375327, 193791
28, 29, 29, 28, -2.5, -2.5, -2, -2, 0.918016, 7.44518, 0.0296373, 193838
28, 29, 29, 28, -3, -3, -2.5, -2.5, 0.918016, 7.44518, -0.0296373, 193838
29, 30, 30, 29, 2.5, 2.5, 3, 3, 0.98059, 8.18009, -0.091199, 193882
29, 30, 30, 29, 2, 2, 2.5, 2.5, 0.98059, 8.18009, 0.091199, 193882
29, 30, 30, 29, 1.5, 1.5, 2, 2, 0.9115, 7.62765, 0.180505, 193900
29, 30, 30, 29, 1, 1, 1.5, 1.5, 0.928922, 7.68598, 0.150775, 193805
29, 30, 30, 29, 0.5, 0.5, 1, 1, 0.920436, 7.65935, 0.132351, 193925
29, 30, 30, 29, 0, 0, 0.5, 0.5, 0.915088, 7.65984, 0.220448, 193999
29, 30, 30, 29, -0.5, -0.5, 0, 0, 0.919079, 7.56817, 0.231673, 194011
29, 30, 30, 29, -1, -1, -0.5, -0.5, 0.949588, 7.82635, 0.111033, 193893
29, 30, 30, 29, -1.5, -1.5, -1, -1, 0.926832, 7.59904, 0.0630905, 193818
29, 30, 30, 29, -2, -2, -1.5, -1.5, 0.909817, 7.33196, 0.0301168, 193835
29, 30, 30, 29, -2.5, -2.5, -2, -2, 0.919731, 7.60576, 0.0336916, 193919
29, 30, 30, 29, -3, -3, -2.5, -2.5, 0.919731, 7.60576, -0.0336916, 193919
30, 31, 31, 30, 2.5, 2.5, 3, 3, 0.935751, 7.82603, -0.04999, 193749
30, 31, 31, 30, 2, 2, 2.5, 2.5, 0.935751, 7.82603, 0.04999, 193749
30, 31, 31, 30, 1.5, 1.5, 2, 2, 0.916303, 7.76936, 0.122764, 193806
30, 31, 31, 30, 1, 1, 1.5, 1.5, 0.92996, 7.80807, 0.137143, 193854
30, 31, 31, 30, 0.5, 0.5, 1, 1, 0.954619, 8.0304, 0.116454, 193775
30, 31, 31, 30, 0, 0, 0.5, 0.5, 0.962397, 8.13256, 0.107938, 193782
30, 31, 31, 30, -0.5, -0.5, 0, 0, 0.920297, 7.73458, 0.108281, 193904
30, 31, 31, 30, -1, -1, -0.5, -0.5, 0.951196, 7.94969, 0.114911, 193880
30, 31, 31, 30, -1.5, -1.5, -1, -1, 0.927872, 7.79812, 0.0785474, 193855
30, 31, 31, 30, -2, -2, -1.5, -1.5, 0.909833, 7.55928, 0.0166634, 193769
30, 31, 31, 30, -2.5, -2.5, -2, -2, 0.925501, 7.80247, 0.00490506, 193796
30, 31, 31, 30, -3, -3, -2.5, -2.5, 0.925501, 7.80247, -0.00490506, 193796
31, 32, 32, 31, 2.5, 2.5, 3, 3, 0.936028, 7.79517, -0.0635533, 193790
31, 32, 32, 31, 2, 2, 2.5, 2.5, 0.936028, 7.79517, 0.0635533, 193790
31, 32, 32, 31, 1.5, 1.5, 2, 2, 0.965124, 8.16955, 0.186435, 193810
31, 32, 32, 31, 1, 1, 1.5, 1.5, 0.931709, 7.84559, 0.281035, 193810
31, 32, 32, 31, 0.5, 0.5, 1, 1, 0.951674, 8.05867, 0.218561, 193719
31, 32, 32, 31, 0, 0, 0.5, 0.5, 0.928474, 7.8986, 0.127737, 193786
31, 32, 32, 31, -0.5, -0.5, 0, 0, 0.921449, 7.80076, 0.0749246, 193838
31, 32, 32, 31, -1, -1, -0.5, -0.5, 0.973932, 8.13667, 0.043943, 193780
31, 32, 32, 31, -1.5, -1.5, -1, -1, 0.930846, 7.85187, 0.0533818, 193779
31, 32, 32, 31, -2, -2, -1.5, -1.5, 0.910886, 7.6491, 0.0325924, 193802
31, 32, 32, 31, -2.5, -2.5, -2, -2, 0.976622, 8.2113, 0.00413279, 193714
31, 32, 32, 31, -3, -3, -2.5, -2.5, 0.976622, 8.2113, -0.00413279, 193714
32, 33, 33, 32, 2.5, 2.5, 3, 3, 0.905535, 7.66362, 0.140099, 194173
32, 33, 33, 32, 2, 2, 2.5, 2.5, 0.905535, 7.66362, -0.140099, 194173
32, 33, 33, 32, 1.5, 1.5, 2, 2, 0.933098, 7.91972, -0.0949061, 193844
32, 33, 33, 32, 1, 1, 1.5, 1.5, 0.97533, 8.24453, 0.00688274, 193817
32, 33, 33, 32, 0.5, 0.5, 1, 1, 0.953475, 8.1446, 0.0517485, 193813
32, 33, 33, 32, 0, 0, 0.5, 0.5, 0.928658, 8.01132, 0.0509891, 193859
32, 33, 33, 32, -0.5, -0.5, 0, 0, 0.927591, 7.95168, 0.00044287, 193821
32, 33, 33, 32, -1, -1, -0.5, -0.5, 0.952911, 8.01634, 0.0282737, 193998
32, 33, 33, 32, -1.5, -1.5, -1, -1, 0.962716, 8.14801, 0.146373, 193778
32, 33, 33, 32, -2, -2, -1.5, -1.5, 0.913407, 7.84574, 0.191108, 193843
32, 33, 33, 32, -2.5, -2.5, -2, -2, 0.917655, 7.84577, 0.0585951, 193687
32, 33, 33, 32, -3, -3, -2.5, -2.5, 0.917655, 7.84577, -0.0585951, 193687
33, 34, 34, 33, 2.5, 2.5, 3, 3, 0.90575, 7.85088, 0.0451289, 193731
33, 34, 34, 33, 2, 2, 2.5, 2.5, 0.90575, 7.85088, -0.0451289, 193731
33, 34, 34, 33, 1.5, 1.5, 2, 2, 0.934464, 8.02984, -0.0354855, 193822
33, 34, 34, 33, 1, 1, 1.5, 1.5, 0.929302, 8.00685, -0.0576211, 194106
33, 34, 34, 33, 0.5, 0.5, 1, 1, 0.972917, 8.33865, -0.110753, 193812
33, 34, 34, 33, 0, 0, 0.5, 0.5, 0.930016, 8.08222, -0.0295073, 193802
33, 34, 34, 33, -0.5, -0.5, 0, 0, 0.967987, 8.35304, -0.0541265, 193749
33, 34, 34, 33, -1, -1, -0.5, -0.5, 0.952541, 8.07264, -0.03577, 193754
33, 34, 34, 33, -1.5, -1.5, -1, -1, 0.959761, 8.17092, 0.0172301, 193768
33, 34, 34, 33, -2, -2, -1.5, -1.5, 0.920223, 8.01078, 0.0586961, 193851
33, 34, 34, 33, -2.5, -2.5, -2, -2, 0.918489, 7.98549, 0.0782322, 193962
33, 34, 34, 33, -3, -3, -2.5, -2.5, 0.918489, 7.98549, -0.0782322, 193962
34, 35, 35, 34, 2.5, 2.5, 3, 3, 0.906804, 8.02597, 0.0689204, 193869
34, 35, 35, 34, 2, 2, 2.5, 2.5, 0.906804, 8.02597, -0.0689204, 193869
34, 35, 35, 34, 1.5, 1.5, 2, 2, 0.92896, 8.09456, -0.0756656, 193983
34, 35, 35, 34, 1, 1, 1.5, 1.5, 0.930148, 8.12789, -0.0213509, 193757
34, 35, 35, 34, 0.5, 0.5, 1, 1, 0.953323, 8.25103, 0.0201063, 193774
34, 35, 35, 34, 0, 0, 0.5, 0.5, 0.93554, 8.24808, -0.0590612, 193763
34, 35, 35, 34, -0.5, -0.5, 0, 0, 0.931471, 8.15099, -0.175026, 193810
34, 35, 35, 34, -1, -1, -0.5, -0.5, 0.974896, 8.29822, -0.129099, 193870
34, 35, 35, 34, -1.5, -1.5, -1, -1, 0.973054, 8.30865, 0.00303568, 193864
34, 35, 35, 34, -2, -2, -1.5, -1.5, 0.981992, 8.54554, 0.00221423, 193818
34, 35, 35, 34, -2.5, -2.5, -2, -2, 0.919503, 8.08328, 0.000528488, 193772
34, 35, 35, 34, -3, -3, -2.5, -2.5, 0.919503, 8.08328, -0.000528488, 193772
35, 36, 36, 35, 2.5, 2.5, 3, 3, 0.909491, 8.27916, 0.0118077, 193815
35, 36, 36, 35, 2, 2, 2.5, 2.5, 0.909491, 8.27916, -0.0118077, 193815
35, 36, 36, 35, 1.5, 1.5, 2, 2, 0.928792, 8.26177, -0.0525205, 193803
35, 36, 36, 35, 1, 1, 1.5, 1.5, 0.933565, 8.26389, -0.0196591, 193830
35, 36, 36, 35, 0.5, 0.5, 1, 1, 0.954088, 8.41834, 0.0993946, 193868
35, 36, 36, 35, 0, 0, 0.5, 0.5, 0.983132, 8.85042, 0.171097, 193923
35, 36, 36, 35, -0.5, -0.5, 0, 0, 0.932302, 8.35759, 0.22412, 194071
35, 36, 36, 35, -1, -1, -0.5, -0.5, 0.953314, 8.28818, 0.2832, 194280
35, 36, 36, 35, -1.5, -1.5, -1, -1, 0.927817, 8.16967, 0.263719, 194019
35, 36, 36, 35, -2, -2, -1.5, -1.5, 0.911907, 8.17591, -0.0164825, 193863
35, 36, 36, 35, -2.5, -2.5, -2, -2, 0.922905, 8.29997, -0.0278572, 193955
35, 36, 36, 35, -3, -3, -2.5, -2.5, 0.922905, 8.29997, 0.0278572, 193955
36, 37, 37, 36, 2.5, 2.5, 3, 3, 0.918846, 8.53978, -0.00639821, 193873
36, 37, 37, 36, 2, 2, 2.5, 2.5, 0.918846, 8.53978, 0.00639821, 193873
36, 37, 37, 36, 1.5, 1.5, 2, 2, 0.931095, 8.48643, -0.0136418, 193973
36, 37, 37, 36, 1, 1, 1.5, 1.5, 0.974833, 8.74432, 0.0490783, 193920
36, 37, 37, 36, 0.5, 0.5, 1, 1, 0.988414, 8.87713, 0.146009, 193902
36, 37, 37, 36, 0, 0, 0.5, 0.5, 0.91743, 8.36835, 0.103327, 193827
36, 37, 37, 36, -0.5, -0.5, 0, 0, 0.933582, 8.5552, 0.00368573, 193923
36, 37, 37, 36, -1, -1, -0.5, -0.5, 0.954108, 8.41498, 0.0614328, 193907
36, 37, 37, 36, -1.5, -1.5, -1, -1, 0.929216, 8.3758, 0.137622, 193971
36, 37, 37, 36, -2, -2, -1.5, -1.5, 0.913337, 8.39091, 0.109892, 193992
36, 37, 37, 36, -2.5, -2.5, -2, -2, 0.931387, 8.57382, 0.0331549, 193816
36, 37, 37, 36, -3, -3, -2.5, -2.5, 0.931387, 8.57382, -0.0331549, 193816
37, 38, 38, 37, 2.5, 2.5, 3, 3, 0.965387, 9.00426, -0.017564, 193846
37, 38, 38, 37, 2, 2, 2.5, 2.5, 0.965387, 9.00426, 0.017564, 193846
37, 38, 38, 37, 1.5, 1.5, 2, 2, 0.936534, 8.62822, 0.049515, 193866
37, 38, 38, 37, 1, 1, 1.5, 1.5, 0.922335, 8.38728, -0.0511213, 194137
37, 38, 38, 37, 0.5, 0.5, 1, 1, 0.914426, 8.33029, -0.087899, 193865
37, 38, 38, 37, 0, 0, 0.5, 0.5, 0.917162, 8.52265, -0.163388, 193914
37, 38, 38, 37, -0.5, -0.5, 0, 0, 0.938679, 8.72076, -0.285197, 193920
37, 38, 38, 37, -1, -1, -0.5, -0.5, 0.980664, 8.71609, -0.168753, 193877
37, 38, 38, 37, -1.5, -1.5, -1, -1, 0.931492, 8.46212, -0.0397326, 193914
37, 38, 38, 37, -2, -2, -1.5, -1.5, 0.914924, 8.50397, -0.0121543, 194008
37, 38, 38, 37, -2.5, -2.5, -2, -2, 0.970166, 9.03103, -0.046982, 193997
37, 38, 38, 37, -3, -3, -2.5, -2.5, 0.970166, 9.03103, 0.046982, 193997
38, 39, 39, 38, 2.5, 2.5, 3, 3, 0.953721, 8.96893, 0.00768988, 193882
38, 39, 39, 38, 2, 2, 2.5, 2.5, 0.953721, 8.96893, -0.00768988, 193882
38, 39, 39, 38, 1.5, 1.5, 2, 2, 0.980136, 9.09512, 0.00554908, 193860
38, 39, 39, 38, 1, 1, 1.5, 1.5, 0.922551, 8.50559, 0.0366866, 193938
38, 39, 39, 38, 0.5, 0.5, 1, 1, 0.913578, 8.46651, -0.0179948, 193962
38, 39, 39, 38, 0, 0, 0.5, 0.5, 0.91896, 8.63473, -0.0479088, 193948
38, 39, 39, 38, -0.5, -0.5, 0, 0, 0.972191, 9.06024, 0.0507432, 193895
38, 39, 39, 38, -1, -1, -0.5, -0.5, 0.933064, 8.41379, 0.0830447, 193857
38, 39, 39, 38, -1.5, -1.5, -1, -1, 0.984315, 9.01068, 0.0651523, 193805
38, 39, 39, 38, -2, -2, -1.5, -1.5, 0.919827, 8.7012, 0.0412959, 194015
38, 39, 39, 38, -2.5, -2.5, -2, -2, 0.933067, 8.79218, 0.0565248, 194357
38, 39, 39, 38, -3, -3, -2.5, -2.5, 0.933067, 8.79218, -0.0565248, 194357
39, 40, 40, 39, 2.5, 2.5, 3, 3, 0.955446, 9.12854, -0.0643756, 194062
39, 40, 40, 39, 2, 2, 2.5, 2.5, 0.955446, 9.12854, 0.0643756, 194062
39, 40, 40, 39, 1.5, 1.5, 2, 2, 0.934272, 8.85974, 0.0514523, 193915
39, 40, 40, 39, 1, 1, 1.5, 1.5, 0.923191, 8.70847, -0.0768898, 193944
39, 40, 40, 39, 0.5, 0.5, 1, 1, 0.915749, 8.65288, -0.0594204, 193972
39, 40, 40, 39, 0, 0, 0.5, 0.5, 0.925059, 8.8173, -0.0413095, 193947
39, 40, 40, 39, -0.5, -0.5, 0, 0, 0.953916, 8.93713, 0.00566869, 193953
39, 40, 40, 39, -1, -1, -0.5, -0.5, 0.933505, 8.61411, 0.0445633, 194038
39, 40, 40, 39, -1.5, -1.5, -1, -1, 0.914952, 8.58299, -0.0994006, 193993
39, 40, 40, 39, -2, -2, -1.5, -1.5, 0.972371, 9.25414, -0.124445, 194034
39, 40, 40, 39, -2.5, -2.5, -2, -2, 0.933454, 8.89733, -0.0447037, 194048
39, 40, 40, 39, -3, -3, -2.5, -2.5, 0.933454, 8.89733, 0.0447037, 194048
40, 41, 41, 40, 2.5, 2.5, 3, 3, 0.972986, 9.35914, -0.0383186, 193979
40, 41, 41, 40, 2, 2, 2.5, 2.5, 0.972986, 9.35914, 0.0383186, 193979
40, 41, 41, 40, 1.5, 1.5, 2, 2, 0.935765, 9.0307, 0.0826853, 194152
40, 41, 41, 40, 1, 1, 1.5, 1.5, 0.92641, 8.97944, 0.01945, 194025
40, 41, 41, 40, 0.5, 0.5, 1, 1, 0.921735, 8.8712, -0.0186459, 194021
40, 41, 41, 40, 0, 0, 0.5, 0.5, 0.964223, 9.31306, 0.0070342, 193981
40, 41, 41, 40, -0.5, -0.5, 0, 0, 0.953919, 9.04791, 0.0463283, 194005
40, 41, 41, 40, -1, -1, -0.5, -0.5, 0.936757, 8.86446, 0.10587, 194087
40, 41, 41, 40, -1.5, -1.5, -1, -1, 0.916085, 8.83848, 0.124042, 194322
40, 41, 41, 40, -2, -2, -1.5, -1.5, 0.917061, 8.92195, 0.0071385, 194031
40, 41, 41, 40, -2.5, -2.5, -2, -2, 0.93578, 9.06651, -0.0152981, 194065
40, 41, 41, 40, -3, -3, -2.5, -2.5, 0.93578, 9.06651, 0.0152981, 194065
41, 42, 42, 41, 2.5, 2.5, 3, 3, 0.954949, 9.24995, 0.00381711, 193968
41, 42, 42, 41, 2, 2, 2.5, 2.5, 0.954949, 9.24995, -0.00381711, 193968
41, 42, 42, 41, 1.5, 1.5, 2, 2, 0.936999, 9.13862, -0.0185335, 194092
41, 42, 42, 41, 1, 1, 1.5, 1.5, 0.935111, 9.23258, -0.0616277, 194141
41, 42, 42, 41, 0.5, 0.5, 1, 1, 0.959275, 9.35532, -0.0452566, 194084
41, 42, 42, 41, 0, 0, 0.5, 0.5, 0.931957, 9.09348, -0.0440481, 193974
41, 42, 42, 41, -0.5, -0.5, 0, 0, 0.982477, 9.41529, -0.0802758, 194071
41, 42, 42, 41, -1, -1, -0.5, -0.5, 0.978135, 9.31263, -0.0965103, 194091
41, 42, 42, 41, -1.5, -1.5, -1, -1, 0.917606, 8.95376, -0.0681865, 194099
41, 42, 42, 41, -2, -2, -1.5, -1.5, 0.917795, 9.09924, -0.097692, 194176
41, 42, 42, 41, -2.5, -2.5, -2, -2, 0.963821, 9.37901, -0.0741733, 194077
41, 42, 42, 41, -3, -3, -2.5, -2.5, 0.963821, 9.37901, 0.0741733, 194077
42, 43, 43, 42, 2.5, 2.5, 3, 3, 0.955908, 9.31366, -0.0560365, 194122
42, 43, 43, 42, 2, 2, 2.5, 2.5, 0.955908, 9.31366, 0.0560365, 194122
42, 43, 43, 42, 1.5, 1.5, 2, 2, 0.942757, 9.3219, 0.126253, 194117
42, 43, 43, 42, 1, 1, 1.5, 1.5, 0.969424, 9.65285, 0.205387, 194103
42, 43, 43, 42, 0.5, 0.5, 1, 1, 0.954863, 9.36624, 0.228916, 194094
42, 43, 43, 42, 0, 0, 0.5, 0.5, 0.932466, 9.24362, 0.164773, 194064
42, 43, 43, 42, -0.5, -0.5, 0, 0, 0.922428, 8.96373, 0.141652, 194123
42, 43, 43, 42, -1, -1, -0.5, -0.5, 0.915679, 8.94757, 0.0555146, 194112
42, 43, 43, 42, -1.5, -1.5, -1, -1, 0.924729, 9.17813, -0.0640279, 194258
42, 43, 43, 42, -2, -2, -1.5, -1.5, 0.919329, 9.25676, 0.0371551, 194338
42, 43, 43, 42, -2.5, -2.5, -2, -2, 0.955942, 9.39354, 0.0838721, 194386
42, 43, 43, 42, -3, -3, -2.5, -2.5, 0.955942, 9.39354, -0.0838721, 194386
43, 44, 44, 43, 2.5, 2.5, 3, 3, 0.985864, 9.59884, 0.0186601, 194111
43, 44, 44, 43, 2, 2, 2.5, 2.5, 0.985864, 9.59884, -0.0186601, 194111
43, 44, 44, 43, 1.5, 1.5, 2, 2, 0.982339, 9.66864, -0.00807538, 194128
43, 44, 44, 43, 1, 1, 1.5, 1.5, 0.94912, 9.43346, 0.0878931, 194124
43, 44, 44, 43, 0.5, 0.5, 1, 1, 0.956123, 9.42006, 0.15893, 194139
43, 44, 44, 43, 0, 0, 0.5, 0.5, 0.934753, 9.30794, 0.0721984, 194175
43, 44, 44, 43, -0.5, -0.5, 0, 0, 0.922314, 9.05949, 0.00523024, 194399
43, 44, 44, 43, -1, -1, -0.5, -0.5, 0.917861, 9.10578, -0.0027844, 194377
43, 44, 44, 43, -1.5, -1.5, -1, -1, 0.964367, 9.60404, 0.016749, 194096
43, 44, 44, 43, -2, -2, -1.5, -1.5, 0.922933, 9.36597, -0.0333911, 194235
43, 44, 44, 43, -2.5, -2.5, -2, -2, 0.957191, 9.44831, -0.0563772, 194265
43, 44, 44, 43, -3, -3, -2.5, -2.5, 0.957191, 9.44831, 0.0563772, 194265
44, 45, 45, 44, 2.5, 2.5, 3, 3, 0.916428, 9.01816, 0.0625267, 194149
44, 45, 45, 44, 2, 2, 2.5, 2.5, 0.916428, 9.01816, -0.0625267, 194149
44, 45, 45, 44, 1.5, 1.5, 2, 2, 0.921305, 9.14291, -0.299753, 194233
44, 45, 45, 44, 1, 1, 1.5, 1.5, 0.952554, 9.37739, -0.340321, 194256
44, 45, 45, 44, 0.5, 0.5, 1, 1, 0.977632, 9.58137, -0.190001, 194249
44, 45, 45, 44, 0, 0, 0.5, 0.5, 0.977386, 9.68418, -0.15314, 194182
44, 45, 45, 44, -0.5, -0.5, 0, 0, 0.923137, 9.13739, -0.0618383, 194353
44, 45, 45, 44, -1, -1, -0.5, -0.5, 0.917466, 9.11256, -0.093716, 194218
44, 45, 45, 44, -1.5, -1.5, -1, -1, 0.937223, 9.28667, -0.165072, 194254
44, 45, 45, 44, -2, -2, -1.5, -1.5, 0.970027, 9.74143, -0.155873, 194229
44, 45, 45, 44, -2.5, -2.5, -2, -2, 0.983495, 9.59379, -0.0877589, 194274
44, 45, 45, 44, -3, -3, -2.5, -2.5, 0.983495, 9.59379, 0.0877589, 194274
45, 46, 46, 45, 2.5, 2.5, 3, 3, 0.918081, 9.26434, 0.0468427, 194450
45, 46, 46, 45, 2, 2, 2.5, 2.5, 0.918081, 9.26434, -0.0468427, 194450
45, 46, 46, 45, 1.5, 1.5, 2, 2, 0.923108, 9.41794, 0.0284419, 194398
45, 46, 46, 45, 1, 1, 1.5, 1.5, 0.936296, 9.37002, 0.0958634, 194205
45, 46, 46, 45, 0.5, 0.5, 1, 1, 0.95619, 9.47183, 0.00843239, 194179
45, 46, 46, 45, 0, 0, 0.5, 0.5, 0.938661, 9.36512, -0.0586987, 194251
45, 46, 46, 45, -0.5, -0.5, 0, 0, 0.923726, 9.32921, -0.0360212, 194358
45, 46, 46, 45, -1, -1, -0.5, -0.5, 0.920315, 9.37143, 0.0324038, 194469
45, 46, 46, 45, -1.5, -1.5, -1, -1, 0.937666, 9.43918, 0.0158808, 194466
45, 46, 46, 45, -2, -2, -1.5, -1.5, 0.940534, 9.53438, -0.0362544, 194394
45, 46, 46, 45, -2.5, -2.5, -2, -2, 0.93674, 9.28777, -0.0149498, 194291
45, 46, 46, 45, -3, -3, -2.5, -2.5, 0.93674, 9.28777, 0.0149498, 194291
46, 47, 47, 46, 2.5, 2.5, 3, 3, 0.919795, 9.43251, 0.00682591, 194309
46, 47, 47, 46, 2, 2, 2.5, 2.5, 0.919795, 9.43251, -0.00682591, 194309
46, 47, 47, 46, 1.5, 1.5, 2, 2, 0.924007, 9.5465, -0.0599442, 194331
46, 47, 47, 46, 1, 1, 1.5, 1.5, 0.936724, 9.59888, -0.0179225, 194300
46, 47, 47, 46, 0.5, 0.5, 1, 1, 0.95852, 9.68934, 0.0539748, 194348
46, 47, 47, 46, 0, 0, 0.5, 0.5, 0.938682, 9.5714, -0.0462926, 194370
46, 47, 47, 46, -0.5, -0.5, 0, 0, 0.927979, 9.64429, -0.10522, 194451
46, 47, 47, 46, -1, -1, -0.5, -0.5, 0.927391, 9.619, -0.109415, 194474
46, 47, 47, 46, -1.5, -1.5, -1, -1, 0.940901, 9.61854, -0.0621462, 194506
46, 47, 47, 46, -2, -2, -1.5, -1.5, 0.940945, 9.701, -0.0471195, 194598
46, 47, 47, 46, -2.5, -2.5, -2, -2, 0.937432, 9.49565, -0.0474792, 194526
46, 47, 47, 46, -3, -3, -2.5, -2.5, 0.937432, 9.49565, 0.0474792, 194526
47, 48, 48, 47, 2.5, 2.5, 3, 3, 0.925359, 9.55752, 0.000420875, 194279
47, 48, 48, 47, 2, 2, 2.5, 2.5, 0.925359, 9.55752, -0.000420875, 194279
47, 48, 48, 47, 1.5, 1.5, 2, 2, 0.929015, 9.67884, -0.028136, 194305
47, 48, 48, 47, 1, 1, 1.5, 1.5, 0.939357, 9.67268, -0.0682333, 194363
47, 48, 48, 47, 0.5, 0.5, 1, 1, 0.9772, 9.89121, -0.0562075, 194423
47, 48, 48, 47, 0, 0, 0.5, 0.5, 0.940955, 9.652, -0.0639305, 194468
47, 48, 48, 47, -0.5, -0.5, 0, 0, 0.93957, 9.8357, -0.0900761, 194442
47, 48, 48, 47, -1, -1, -0.5, -0.5, 0.971862, 10.0959, -0.148485, 194467
47, 48, 48, 47, -1.5, -1.5, -1, -1, 0.97843, 9.946, -0.165098, 194481
47, 48, 48, 47, -2, -2, -1.5, -1.5, 0.942813, 9.71873, -0.12089, 194525
47, 48, 48, 47, -2.5, -2.5, -2, -2, 0.939734, 9.61249, -0.0518764, 194487
47, 48, 48, 47, -3, -3, -2.5, -2.5, 0.939734, 9.61249, 0.0518764, 194487
48, 49, 49, 48, 2.5, 2.5, 3, 3, 0.969707, 9.9583, 0.0118184, 194373
48, 49, 49, 48, 2, 2, 2.5, 2.5, 0.969707, 9.9583, -0.0118184, 194373
48, 49, 49, 48, 1.5, 1.5, 2, 2, 0.966818, 10.0221, 0.0109982, 194372
48, 49, 49, 48, 1, 1, 1.5, 1.5, 0.970837, 9.95281, 0.0479531, 194388
48, 49, 49, 48, 0.5, 0.5, 1, 1, 0.953447, 9.57584, 0.11307, 194456
48, 49, 49, 48, 0, 0, 0.5, 0.5, 0.991149, 10.0641, 0.125535, 194500
48, 49, 49, 48, -0.5, -0.5, 0, 0, 1.01514, 10.5235, 0.113196, 194440
48, 49, 49, 48, -1, -1, -0.5, -0.5, 0.935975, 9.61684, -0.0188272, 194482
48, 49, 49, 48, -1.5, -1.5, -1, -1, 0.922923, 9.37072, -0.0630186, 194461
48, 49, 49, 48, -2, -2, -1.5, -1.5, 0.983616, 10.0464, -0.11921, 194520
48, 49, 49, 48, -2.5, -2.5, -2, -2, 0.981256, 9.99244, -0.0759635, 194506
48, 49, 49, 48, -3, -3, -2.5, -2.5, 0.981256, 9.99244, 0.0759635, 194506
49, 50, 50, 49, 2.5, 2.5, 3, 3, 0.941326, 9.70791, -0.0316272, 194744
49, 50, 50, 49, 2, 2, 2.5, 2.5, 0.941326, 9.70791, 0.0316272, 194744
49, 50, 50, 49, 1.5, 1.5, 2, 2, 0.954189, 9.88126, 0.136609, 194479
49, 50, 50, 49, 1, 1, 1.5, 1.5, 0.961627, 9.85414, 0.300026, 194530
49, 50, 50, 49, 0.5, 0.5, 1, 1, 0.954899, 9.65729, 0.350428, 194576
49, 50, 50, 49, 0, 0, 0.5, 0.5, 0.902712, 9.27702, 0.305945, 194436
49, 50, 50, 49, -0.5, -0.5, 0, 0, 0.821597, 8.67344, 0.160315, 194503
49, 50, 50, 49, -1, -1, -0.5, -0.5, 0.937831, 9.67914, 0.0808429, 194587
49, 50, 50, 49, -1.5, -1.5, -1, -1, 0.922808, 9.51999, -0.0969845, 194797
49, 50, 50, 49, -2, -2, -1.5, -1.5, 0.922672, 9.50434, -0.114851, 194934
49, 50, 50, 49, -2.5, -2.5, -2, -2, 0.924297, 9.45848, -0.0165196, 194877
49, 50, 50, 49, -3, -3, -2.5, -2.5, 0.924297, 9.45848, 0.0165196, 194877
50, 51, 51, 50, 2.5, 2.5, 3, 3, 0.941251, 9.84887, -0.00616425, 194521
50, 51, 51, 50, 2, 2, 2.5, 2.5, 0.941251, 9.84887, 0.00616425, 194521
50, 51, 51, 50, 1.5, 1.5, 2, 2, 0.957704, 10.0223, 0.0694177, 194540
50, 51, 51, 50, 1, 1, 1.5, 1.5, 0.96508, 10.0806, 0.210299, 194672
50, 51, 51, 50, 0.5, 0.5, 1, 1, 0.920599, 9.62452, 0.356901, 195059
50, 51, 51, 50, 0, 0, 0.5, 0.5, 0.903115, 9.56463, 0.239819, 194941
50, 51, 51, 50, -0.5, -0.5, 0, 0, 0.822814, 8.94624, -0.01583, 194805
50, 51, 51, 50, -1, -1, -0.5, -0.5, 0.916943, 9.73589, 0.0411405, 194694
50, 51, 51, 50, -1.5, -1.5, -1, -1, 0.924402, 9.90625, 0.0712112, 194734
50, 51, 51, 50, -2, -2, -1.5, -1.5, 0.921795, 9.70317, -0.00703854, 194588
50, 51, 51, 50, -2.5, -2.5, -2, -2, 0.923141, 9.63908, -0.0100593, 194590
50, 51, 51, 50, -3, -3, -2.5, -2.5, 0.923141, 9.63908, 0.0100593, 194590
51, 52, 52, 51, 2.5, 2.5, 3, 3, 0.944238, 10.0523, 0.000989518, 194676
51, 52, 52, 51, 2, 2, 2.5, 2.5, 0.944238, 10.0523, -0.000989518, 194676
51, 52, 52, 51, 1.5, 1.5, 2, 2, 0.94486, 9.97102, 0.0911735, 194675
51, 52, 52, 51, 1, 1, 1.5, 1.5, 0.940261, 9.90739, 0.180532, 194655
51, 52, 52, 51, 0.5, 0.5, 1, 1, 0.920001, 9.79456, 0.193512, 194594
51, 52, 52, 51, 0, 0, 0.5, 0.5, 0.904667, 9.84842, 0.124511, 194815
51, 52, 52, 51, -0.5, -0.5, 0, 0, 0.826073, 9.16906, 0.0571134, 194842
51, 52, 52, 51, -1, -1, -0.5, -0.5, 0.916983, 9.94599, 0.0465288, 194802
51, 52, 52, 51, -1.5, -1.5, -1, -1, 0.927525, 10.1497, 0.0311653, 194816
51, 52, 52, 51, -2, -2, -1.5, -1.5, 0.924372, 10.043, 0.0481133, 194693
51, 52, 52, 51, -2.5, -2.5, -2, -2, 0.924774, 10.0247, 0.0242483, 194713
51, 52, 52, 51, -3, -3, -2.5, -2.5, 0.924774, 10.0247, -0.0242483, 194713
52, 53, 53, 52, 2.5, 2.5, 3, 3, 0.972665, 10.3619, -0.0749718, 194761
52, 53, 53, 52, 2, 2, 2.5, 2.5, 0.972665, 10.3619, 0.0749718, 194761
52, 53, 53, 52, 1.5, 1.5, 2, 2, 0.946944, 9.99885, 0.236219, 194752
52, 53, 53, 52, 1, 1, 1.5, 1.5, 0.941364, 10.0071, 0.341262, 194773
52, 53, 53, 52, 0.5, 0.5, 1, 1, 0.922366, 9.94775, 0.238602, 194818
52, 53, 53, 52, 0, 0, 0.5, 0.5, 0.906586, 9.99761, 0.192519, 194746
52, 53, 53, 52, -0.5, -0.5, 0, 0, 0.836032, 9.47025, 0.0637699, 194771
52, 53, 53, 52, -1, -1, -0.5, -0.5, 0.919021, 10.1325, -0.0575622, 194726
52, 53, 53, 52, -1.5, -1.5, -1, -1, 0.935211, 10.3673, -0.0710497, 194691
52, 53, 53, 52, -2, -2, -1.5, -1.5, 0.932875, 10.3228, -0.0881274, 194701
52, 53, 53, 52, -2.5, -2.5, -2, -2, 0.931515, 10.2944, -0.0560176, 194674
52, 53, 53, 52, -3, -3, -2.5, -2.5, 0.931515, 10.2944, 0.0560176, 194674
53, 54, 54, 53, 2.5, 2.5, 3, 3, 0.931402, 9.98544, 0.0327171, 195117
53, 54, 54, 53, 2, 2, 2.5, 2.5, 0.931402, 9.98544, -0.0327171, 195117
53, 54, 54, 53, 1.5, 1.5, 2, 2, 0.923726, 9.87431, -0.0254714, 194705
53, 54, 54, 53, 1, 1, 1.5, 1.5, 0.922891, 9.98296, -0.11759, 194678
53, 54, 54, 53, 0.5, 0.5, 1, 1, 0.929032, 10.1311, -0.30878, 194876
53, 54, 54, 53, 0, 0, 0.5, 0.5, 0.912738, 10.1626, -0.415846, 194868
53, 54, 54, 53, -0.5, -0.5, 0, 0, 0.852336, 9.90552, -0.490023, 194891
53, 54, 54, 53, -1, -1, -0.5, -0.5, 0.924796, 10.3025, -0.593651, 194775
53, 54, 54, 53, -1.5, -1.5, -1, -1, 0.97119, 10.7583, -0.504887, 194691
53, 54, 54, 53, -2, -2, -1.5, -1.5, 0.971021, 10.7718, -0.334143, 194709
53, 54, 54, 53, -2.5, -2.5, -2, -2, 0.963224, 10.7076, -0.129518, 194705
53, 54, 54, 53, -3, -3, -2.5, -2.5, 0.963224, 10.7076, 0.129518, 194705
54, 55, 55, 54, 2.5, 2.5, 3, 3, 0.930321, 10.2931, 0.0356443, 195084
54, 55, 55, 54, 2, 2, 2.5, 2.5, 0.930321, 10.2931, -0.0356443, 195084
54, 55, 55, 54, 1.5, 1.5, 2, 2, 0.923603, 10.3331, -0.0152619, 195105
54, 55, 55, 54, 1, 1, 1.5, 1.5, 0.924657, 10.3874, 0.177315, 195294
54, 55, 55, 54, 0.5, 0.5, 1, 1, 0.948167, 10.7217, 0.0279501, 195177
54, 55, 55, 54, 0, 0, 0.5, 0.5, 0.921767, 10.5972, -0.153521, 195005
54, 55, 55, 54, -0.5, -0.5, 0, 0, 0.87708, 10.6003, -0.286593, 195048
54, 55, 55, 54, -1, -1, -0.5, -0.5, 0.967693, 11.0425, -0.393507, 194830
54, 55, 55, 54, -1.5, -1.5, -1, -1, 0.925916, 10.4724, -0.321097, 194761
54, 55, 55, 54, -2, -2, -1.5, -1.5, 0.930454, 10.4701, -0.352706, 195151
54, 55, 55, 54, -2.5, -2.5, -2, -2, 0.95061, 10.6207, -0.1994, 194901
54, 55, 55, 54, -3, -3, -2.5, -2.5, 0.95061, 10.6207, 0.1994, 194901
55, 56, 56, 55, 2.5, 2.5, 3, 3, 0.932433, 10.9501, 0.0441699, 195392
55, 56, 56, 55, 2, 2, 2.5, 2.5, 0.932433, 10.9501, -0.0441699, 195392
55, 56, 56, 55, 1.5, 1.5, 2, 2, 0.926338, 10.9929, 0.0180755, 195225
55, 56, 56, 55, 1, 1, 1.5, 1.5, 0.926467, 10.8931, 0.0813103, 195058
55, 56, 56, 55, 0.5, 0.5, 1, 1, 0.954892, 11.3127, -0.067412, 195057
55, 56, 56, 55, 0, 0, 0.5, 0.5, 0.935801, 11.1648, -0.222703, 194887
55, 56, 56, 55, -0.5, -0.5, 0, 0, 0.902733, 11.3059, -0.378041, 194906
55, 56, 56, 55, -1, -1, -0.5, -0.5, 0.924821, 10.7893, -0.377805, 194700
55, 56, 56, 55, -1.5, -1.5, -1, -1, 0.928353, 10.7342, -0.300782, 194667
55, 56, 56, 55, -2, -2, -1.5, -1.5, 0.930981, 10.6914, -0.272198, 194790
55, 56, 56, 55, -2.5, -2.5, -2, -2, 0.951644, 10.6935, -0.126011, 194800
55, 56, 56, 55, -3, -3, -2.5, -2.5, 0.951644, 10.6935, 0.126011, 194800
56, 57, 57, 56, 2.5, 2.5, 3, 3, 0.933927, 11.1487, 0.0372693, 195121
56, 57, 57, 56, 2, 2, 2.5, 2.5, 0.933927, 11.1487, -0.0372693, 195121
56, 57, 57, 56, 1.5, 1.5, 2, 2, 0.929674, 11.2312, -0.036762, 195045
56, 57, 57, 56, 1, 1, 1.5, 1.5, 0.934342, 11.2317, -0.0365172, 195004
56, 57, 57, 56, 0.5, 0.5, 1, 1, 0.961738, 11.5247, -0.165661, 195025
56, 57, 57, 56, 0, 0, 0.5, 0.5, 0.97116, 11.6696, -0.20491, 194882
56, 57, 57, 56, -0.5, -0.5, 0, 0, 0.954673, 11.8548, -0.146219, 194825
56, 57, 57, 56, -1, -1, -0.5, -0.5, 0.925855, 10.8786, -0.0196272, 194764
56, 57, 57, 56, -1.5, -1.5, -1, -1, 0.928474, 10.8243, 0.0920377, 194849
56, 57, 57, 56, -2, -2, -1.5, -1.5, 0.931258, 10.8397, 0.082281, 195103
56, 57, 57, 56, -2.5, -2.5, -2, -2, 0.946212, 10.8308, 0.0201727, 194913
56, 57, 57, 56, -3, -3, -2.5, -2.5, 0.946212, 10.8308, -0.0201727, 194913
57, 58, 58, 57, 2.5, 2.5, 3, 3, 0.936656, 11.3882, 0.0122237, 195014
57, 58, 58, 57, 2, 2, 2.5, 2.5, 0.936656, 11.3882, -0.0122237, 195014
57, 58, 58, 57, 1.5, 1.5, 2, 2, 0.939018, 11.4466, -0.0247403, 194996
57, 58, 58, 57, 1, 1, 1.5, 1.5, 0.966634, 11.6581, 0.0826861, 194950
57, 58, 58, 57, 0.5, 0.5, 1, 1, 0.976974, 11.6595, 0.180768, 194907
57, 58, 58, 57, 0, 0, 0.5, 0.5, 0.943421, 11.3624, 0.226056, 195230
57, 58, 58, 57, -0.5, -0.5, 0, 0, 0.94823, 11.6858, 0.189175, 194833
57, 58, 58, 57, -1, -1, -0.5, -0.5, 0.924968, 11.0744, 0.195716, 194837
57, 58, 58, 57, -1.5, -1.5, -1, -1, 0.929599, 11.0049, 0.15121, 195003
57, 58, 58, 57, -2, -2, -1.5, -1.5, 0.932548, 11.0576, -0.0409866, 194870
57, 58, 58, 57, -2.5, -2.5, -2, -2, 0.947266, 11.0337, -0.031297, 194900
57, 58, 58, 57, -3, -3, -2.5, -2.5, 0.947266, 11.0337, 0.031297, 194900
58, 59, 59, 58, 2.5, 2.5, 3, 3, 0.945013, 11.7011, -0.0574528, 194966
58, 59, 59, 58, 2, 2, 2.5, 2.5, 0.945013, 11.7011, 0.0574528, 194966
58, 59, 59, 58, 1.5, 1.5, 2, 2, 0.969593, 11.9191, 0.275215, 194920
58, 59, 59, 58, 1, 1, 1.5, 1.5, 0.942867, 11.6064, 0.37609, 194921
58, 59, 59, 58, 0.5, 0.5, 1, 1, 0.942549, 11.4489, 0.255938, 194838
58, 59, 59, 58, 0, 0, 0.5, 0.5, 0.942888, 11.5137, 0.255808, 194848
58, 59, 59, 58, -0.5, -0.5, 0, 0, 0.949628, 11.8115, 0.186976, 194880
58, 59, 59, 58, -1, -1, -0.5, -0.5, 0.925725, 11.2522, 0.273278, 194739
58, 59, 59, 58, -1.5, -1.5, -1, -1, 0.932366, 11.2925, 0.26388, 194729
58, 59, 59, 58, -2, -2, -1.5, -1.5, 0.935518, 11.2489, -0.012778, 194871
58, 59, 59, 58, -2.5, -2.5, -2, -2, 0.948541, 11.2354, -0.0368623, 194788
58, 59, 59, 58, -3, -3, -2.5, -2.5, 0.948541, 11.2354, 0.0368623, 194788
59, 60, 60, 59, 2.5, 2.5, 3, 3, 0.971901, 12.0593, -0.0178221, 194656
59, 60, 60, 59, 2, 2, 2.5, 2.5, 0.971901, 12.0593, 0.0178221, 194656
59, 60, 60, 59, 1.5, 1.5, 2, 2, 0.954306, 11.7714, 0.135795, 195096
59, 60, 60, 59, 1, 1, 1.5, 1.5, 0.944564, 11.7799, 0.335988, 194853
59, 60, 60, 59, 0.5, 0.5, 1, 1, 0.943781, 11.6676, 0.450316, 194811
59, 60, 60, 59, 0, 0, 0.5, 0.5, 0.94556, 11.7102, 0.41996, 194713
59, 60, 60, 59, -0.5, -0.5, 0, 0, 0.95357, 11.9123, 0.47913, 194656
59, 60, 60, 59, -1, -1, -0.5, -0.5, 0.92764, 11.5559, 0.437902, 194538
59, 60, 60, 59, -1.5, -1.5, -1, -1, 0.93748, 11.6383, 0.272357, 194635
59, 60, 60, 59, -2, -2, -1.5, -1.5, 0.941576, 11.4769, 0.0381986, 194739
59, 60, 60, 59, -2.5, -2.5, -2, -2, 0.954341, 11.5235, -0.0151743, 194681
59, 60, 60, 59, -3, -3, -2.5, -2.5, 0.954341, 11.5235, 0.0151743, 194681
60, 61, 61, 60, 2.5, 2.5, 3, 3, 0.952341, 11.7538, -0.108339, 194660
60, 61, 61, 60, 2, 2, 2.5, 2.5, 0.952341, 11.7538, 0.108339, 194660
60, 61, 61, 60, 1.5, 1.5, 2, 2, 0.953295, 11.8595, 0.152118, 194528
60, 61, 61, 60, 1, 1, 1.5, 1.5, 0.947562, 11.8569, 0.239187, 194575
60, 61, 61, 60, 0.5, 0.5, 1, 1, 0.947112, 11.7521, 0.361846, 194585
60, 61, 61, 60, 0, 0, 0.5, 0.5, 0.971163, 11.9979, 0.479934, 194518
60, 61, 61, 60, -0.5, -0.5, 0, 0, 0.973787, 12.2207, 0.594527, 194439
60, 61, 61, 60, -1, -1, -0.5, -0.5, 0.933503, 11.9166, 0.537099, 194441
60, 61, 61, 60, -1.5, -1.5, -1, -1, 0.944822, 11.9177, 0.38231, 194497
60, 61, 61, 60, -2, -2, -1.5, -1.5, 0.952596, 11.9775, 0.0873073, 194567
60, 61, 61, 60, -2.5, -2.5, -2, -2, 0.978941, 11.9742, -0.0486166, 194385
60, 61, 61, 60, -3, -3, -2.5, -2.5, 0.978941, 11.9742, 0.0486166, 194385
61, 62, 62, 61, 2.5, 2.5, 3, 3, 0.952731, 11.7018, -0.128246, 194532
61, 62, 62, 61, 2, 2, 2.5, 2.5, 0.952731, 11.7018, 0.128246, 194532
61, 62, 62, 61, 1.5, 1.5, 2, 2, 0.955276, 11.9735, 0.143829, 194538
61, 62, 62, 61, 1, 1, 1.5, 1.5, 0.969111, 12.1084, 0.300456, 194455
61, 62, 62, 61, 0.5, 0.5, 1, 1, 0.964851, 11.9941, 0.50275, 194479
61, 62, 62, 61, 0, 0, 0.5, 0.5, 0.932839, 11.7075, 0.467361, 194311
61, 62, 62, 61, -0.5, -0.5, 0, 0, 0.942597, 11.8602, 0.506827, 194744
61, 62, 62, 61, -1, -1, -0.5, -0.5, 0.944162, 12.2005, 0.582185, 194378
61, 62, 62, 61, -1.5, -1.5, -1, -1, 0.954961, 12.2818, 0.512791, 194317
61, 62, 62, 61, -2, -2, -1.5, -1.5, 0.961798, 12.4877, 0.213148, 194309
61, 62, 62, 61, -2.5, -2.5, -2, -2, 0.932114, 11.673, 0.0317818, 194113
61, 62, 62, 61, -3, -3, -2.5, -2.5, 0.932114, 11.673, -0.0317818, 194113
62, 63, 63, 62, 2.5, 2.5, 3, 3, 0.943862, 11.4828, -0.0170464, 194583
62, 63, 63, 62, 2, 2, 2.5, 2.5, 0.943862, 11.4828, 0.0170464, 194583
62, 63, 63, 62, 1.5, 1.5, 2, 2, 0.959993, 12.0101, -0.0283983, 194312
62, 63, 63, 62, 1, 1, 1.5, 1.5, 0.947823, 11.6744, 0.0161565, 194178
62, 63, 63, 62, 0.5, 0.5, 1, 1, 0.960101, 11.7584, 0.127649, 194148
62, 63, 63, 62, 0, 0, 0.5, 0.5, 0.935017, 11.6697, 0.160437, 194302
62, 63, 63, 62, -0.5, -0.5, 0, 0, 0.941606, 11.7633, 0.144704, 194206
62, 63, 63, 62, -1, -1, -0.5, -0.5, 0.97255, 12.2995, 0.111593, 194066
62, 63, 63, 62, -1.5, -1.5, -1, -1, 0.976727, 12.3093, 0.107751, 194092
62, 63, 63, 62, -2, -2, -1.5, -1.5, 0.977037, 12.4582, 0.189814, 194286
62, 63, 63, 62, -2.5, -2.5, -2, -2, 0.932778, 11.8216, 0.20064, 194594
62, 63, 63, 62, -3, -3, -2.5, -2.5, 0.932778, 11.8216, -0.20064, 194594
63, 64, 64, 63, 2.5, 2.5, 3, 3, 0.94315, 11.4588, 0.0878536, 194062
63, 64, 64, 63, 2, 2, 2.5, 2.5, 0.94315, 11.4588, -0.0878536, 194062
63, 64, 64, 63, 1.5, 1.5, 2, 2, 0.975446, 11.9252, 0.0427746, 194151
63, 64, 64, 63, 1, 1, 1.5, 1.5, 0.948912, 11.4288, 0.234646, 194056
63, 64, 64, 63, 0.5, 0.5, 1, 1, 0.960902, 11.5616, 0.373888, 194029
63, 64, 64, 63, 0, 0, 0.5, 0.5, 0.935994, 11.5818, 0.297787, 194021
63, 64, 64, 63, -0.5, -0.5, 0, 0, 0.941992, 11.6158, 0.275489, 194040
63, 64, 64, 63, -1, -1, -0.5, -0.5, 0.957733, 11.8977, 0.214237, 193810
63, 64, 64, 63, -1.5, -1.5, -1, -1, 0.952432, 11.8105, 0.0439034, 193843
63, 64, 64, 63, -2, -2, -1.5, -1.5, 0.975576, 12.0813, 0.0872797, 193956
63, 64, 64, 63, -2.5, -2.5, -2, -2, 0.93453, 11.8448, 0.0636912, 194111
63, 64, 64, 63, -3, -3, -2.5, -2.5, 0.93453, 11.8448, -0.0636912, 194111
64, 65, 65, 64, 2.5, 2.5, 3, 3, 0.945188, 11.2652, 0.00962291, 193887
64, 65, 65, 64, 2, 2, 2.5, 2.5, 0.945188, 11.2652, -0.00962291, 193887
64, 65, 65, 64, 1.5, 1.5, 2, 2, 0.971881, 11.5239, 0.100585, 193822
64, 65, 65, 64, 1, 1, 1.5, 1.5, 0.935578, 11.2522, 0.202323, 194165
64, 65, 65, 64, 0.5, 0.5, 1, 1, 0.973304, 11.4286, 0.179248, 193892
64, 65, 65, 64, 0, 0, 0.5, 0.5, 0.942215, 11.5107, 0.179532, 193748
64, 65, 65, 64, -0.5, -0.5, 0, 0, 0.941299, 11.4381, 0.0889016, 193614
64, 65, 65, 64, -1, -1, -0.5, -0.5, 0.959245, 11.6061, 0.0339361, 193736
64, 65, 65, 64, -1.5, -1.5, -1, -1, 0.952914, 11.57, -0.0684953, 193707
64, 65, 65, 64, -2, -2, -1.5, -1.5, 0.976331, 11.7052, -0.0898855, 193631
64, 65, 65, 64, -2.5, -2.5, -2, -2, 0.936655, 11.5357, -0.0170689, 194003
64, 65, 65, 64, -3, -3, -2.5, -2.5, 0.936655, 11.5357, 0.0170689, 194003
65, 66, 66, 65, 2.5, 2.5, 3, 3, 0.947459, 11.2381, 0.0675573, 193566
65, 66, 66, 65, 2, 2, 2.5, 2.5, 0.947459, 11.2381, -0.0675573, 193566
65, 66, 66, 65, 1.5, 1.5, 2, 2, 0.972676, 11.3257, 0.0250148, 193433
65, 66, 66, 65, 1, 1, 1.5, 1.5, 0.936863, 11.2111, 0.216402, 193544
65, 66, 66, 65, 0.5, 0.5, 1, 1, 0.938611, 11.0957, 0.128422, 193864
65, 66, 66, 65, 0, 0, 0.5, 0.5, 0.966939, 11.6388, 0.11932, 193554
65, 66, 66, 65, -0.5, -0.5, 0, 0, 0.943149, 11.529, 0.17953, 193533
65, 66, 66, 65, -1, -1, -0.5, -0.5, 0.960317, 11.5564, 0.0272163, 193507
65, 66, 66, 65, -1.5, -1.5, -1, -1, 0.954197, 11.5118, -0.15949, 193501
65, 66, 66, 65, -2, -2, -1.5, -1.5, 0.973575, 11.4262, -0.103214, 193350
65, 66, 66, 65, -2.5, -2.5, -2, -2, 0.936842, 11.2595, -0.0158434, 193315
65, 66, 66, 65, -3, -3, -2.5, -2.5, 0.936842, 11.2595, 0.0158434, 193315
66, 67, 67, 66, 2.5, 2.5, 3, 3, 0.952868, 11.3758, 0.0725478, 193252
66, 67, 67, 66, 2, 2, 2.5, 2.5, 0.952868, 11.3758, -0.0725478, 193252
66, 67, 67, 66, 1.5, 1.5, 2, 2, 0.9724, 11.2294, -0.0574021, 193106
66, 67, 67, 66, 1, 1, 1.5, 1.5, 0.937942, 11.2664, 0.0600239, 193241
66, 67, 67, 66, 0.5, 0.5, 1, 1, 0.938495, 11.167, -0.0820962, 193141
66, 67, 67, 66, 0, 0, 0.5, 0.5, 0.949721, 11.3262, -0.0463084, 193453
66, 67, 67, 66, -0.5, -0.5, 0, 0, 0.949581, 11.6342, -0.011326, 193233
66, 67, 67, 66, -1, -1, -0.5, -0.5, 0.964137, 11.6234, -0.0429308, 193218
66, 67, 67, 66, -1.5, -1.5, -1, -1, 0.958495, 11.5959, -0.103162, 193247
66, 67, 67, 66, -2, -2, -1.5, -1.5, 0.975412, 11.4337, 0.0092914, 193158
66, 67, 67, 66, -2.5, -2.5, -2, -2, 0.939129, 11.4576, 0.0635179, 193185
66, 67, 67, 66, -3, -3, -2.5, -2.5, 0.939129, 11.4576, -0.0635179, 193185
67, 68, 68, 67, 2.5, 2.5, 3, 3, 0.959812, 11.4952, 0.0996568, 192855
67, 68, 68, 67, 2, 2, 2.5, 2.5, 0.959812, 11.4952, -0.0996568, 192855
67, 68, 68, 67, 1.5, 1.5, 2, 2, 0.974195, 11.1485, -0.133463, 192752
67, 68, 68, 67, 1, 1, 1.5, 1.5, 0.943138, 11.2317, -0.0553714, 192836
67, 68, 68, 67, 0.5, 0.5, 1, 1, 0.939468, 11.1068, -0.149206, 192896
67, 68, 68, 67, 0, 0, 0.5, 0.5, 0.949575, 11.1322, -0.295112, 192754
67, 68, 68, 67, -0.5, -0.5, 0, 0, 0.970361, 11.5657, -0.242509, 192801
67, 68, 68, 67, -1, -1, -0.5, -0.5, 0.973788, 11.3509, -0.106659, 192810
67, 68, 68, 67, -1.5, -1.5, -1, -1, 0.971966, 11.4336, 0.0226138, 192822
67, 68, 68, 67, -2, -2, -1.5, -1.5, 0.971397, 11.1982, 0.139006, 192771
67, 68, 68, 67, -2.5, -2.5, -2, -2, 0.94544, 11.5184, 0.101709, 192885
67, 68, 68, 67, -3, -3, -2.5, -2.5, 0.94544, 11.5184, -0.101709, 192885
68, 69, 69, 68, 2.5, 2.5, 3, 3, 0.973211, 11.2468, 0.0363217, 192472
68, 69, 69, 68, 2, 2, 2.5, 2.5, 0.973211, 11.2468, -0.0363217, 192472
68, 69, 69, 68, 1.5, 1.5, 2, 2, 0.95882, 10.7471, 0.0260188, 192354
68, 69, 69, 68, 1, 1, 1.5, 1.5, 0.965742, 11.1698, 0.107587, 192418
68, 69, 69, 68, 0.5, 0.5, 1, 1, 0.941554, 10.8157, 0.0613081, 192444
68, 69, 69, 68, 0, 0, 0.5, 0.5, 0.952624, 10.727, -0.104259, 192560
68, 69, 69, 68, -0.5, -0.5, 0, 0, 0.96334, 10.9792, -0.137921, 192580
68, 69, 69, 68, -1, -1, -0.5, -0.5, 0.945659, 10.7776, -0.152241, 192465
68, 69, 69, 68, -1.5, -1.5, -1, -1, 0.970411, 10.9345, -0.0945094, 192459
68, 69, 69, 68, -2, -2, -1.5, -1.5, 0.973102, 10.7959, 0.0968701, 192439
68, 69, 69, 68, -2.5, -2.5, -2, -2, 0.953589, 11.3034, 0.0840737, 192446
68, 69, 69, 68, -3, -3, -2.5, -2.5, 0.953589, 11.3034, -0.0840737, 192446
69, 70, 70, 69, 2.5, 2.5, 3, 3, 0.959074, 10.6591, 0.102157, 192573
69, 70, 70, 69, 2, 2, 2.5, 2.5, 0.959074, 10.6591, -0.102157, 192573
69, 70, 70, 69, 1.5, 1.5, 2, 2, 0.959751, 10.4571, -0.0444265, 192219
69, 70, 70, 69, 1, 1, 1.5, 1.5, 0.957969, 10.6268, 0.0851572, 192169
69, 70, 70, 69, 0.5, 0.5, 1, 1, 0.947707, 10.5894, 0.205249, 192273
69, 70, 70, 69, 0, 0, 0.5, 0.5, 0.961221, 10.6453, -0.164296, 192441
69, 70, 70, 69, -0.5, -0.5, 0, 0, 0.964199, 10.4995, -0.451134, 192191
69, 70, 70, 69, -1, -1, -0.5, -0.5, 0.947081, 10.3897, -0.327824, 192187
69, 70, 70, 69, -1.5, -1.5, -1, -1, 0.97175, 10.408, -0.117629, 192182
69, 70, 70, 69, -2, -2, -1.5, -1.5, 0.957795, 10.3051, -0.0331476, 192028
69, 70, 70, 69, -2.5, -2.5, -2, -2, 0.969274, 10.925, -0.027811, 192079
69, 70, 70, 69, -3, -3, -2.5, -2.5, 0.969274, 10.925, 0.027811, 192079
70, 71, 71, 70, 2.5, 2.5, 3, 3, 0.959688, 10.1349, 0.0162526, 191797
70, 71, 71, 70, 2, 2, 2.5, 2.5, 0.959688, 10.1349, -0.0162526, 191797
70, 71, 71, 70, 1.5, 1.5, 2, 2, 0.967611, 10.0659, 0.0182812, 191752
70, 71, 71, 70, 1, 1, 1.5, 1.5, 0.958235, 10.1003, 0.141169, 191857
70, 71, 71, 70, 0.5, 0.5, 1, 1, 0.9674, 10.3068, 0.255251, 191969
70, 71, 71, 70, 0, 0, 0.5, 0.5, 0.965622, 10.3888, 0.107672, 192105
70, 71, 71, 70, -0.5, -0.5, 0, 0, 0.95642, 10.0993, -0.20671, 191886
70, 71, 71, 70, -1, -1, -0.5, -0.5, 0.94941, 10.0308, -0.12319, 191939
70, 71, 71, 70, -1.5, -1.5, -1, -1, 0.946923, 9.87137, -0.161669, 191721
70, 71, 71, 70, -2, -2, -1.5, -1.5, 0.959123, 9.87221, -0.0853973, 191762
70, 71, 71, 70, -2.5, -2.5, -2, -2, 0.968182, 10.2959, 0.00666744, 191650
70, 71, 71, 70, -3, -3, -2.5, -2.5, 0.968182, 10.2959, -0.00666744, 191650
71, 72, 72, 71, 2.5, 2.5, 3, 3, 0.967855, 9.73608, 0.020632, 191714
71, 72, 72, 71, 2, 2, 2.5, 2.5, 0.967855, 9.73608, -0.020632, 191714
71, 72, 72, 71, 1.5, 1.5, 2, 2, 0.957097, 9.50177, 0.0359578, 191418
71, 72, 72, 71, 1, 1, 1.5, 1.5, 0.966609, 9.62501, 0.0983098, 191450
71, 72, 72, 71, 0.5, 0.5, 1, 1, 0.955753, 9.70893, -0.0156278, 191470
71, 72, 72, 71, 0, 0, 0.5, 0.5, 0.970422, 9.7959, -0.0920194, 191587
71, 72, 72, 71, -0.5, -0.5, 0, 0, 0.958296, 9.57743, -0.129331, 191563
71, 72, 72, 71, -1, -1, -0.5, -0.5, 0.964091, 9.66754, -0.0706096, 191445
71, 72, 72, 71, -1.5, -1.5, -1, -1, 0.948186, 9.39944, -0.0357507, 191391
71, 72, 72, 71, -2, -2, -1.5, -1.5, 0.966821, 9.38902, -0.0396437, 191402
71, 72, 72, 71, -2.5, -2.5, -2, -2, 0.968562, 9.68499, -0.0276558, 191331
71, 72, 72, 71, -3, -3, -2.5, -2.5, 0.968562, 9.68499, 0.0276558, 191331
72, 73, 73, 72, 2.5, 2.5, 3, 3, 0.968071, 9.24874, -0.0595546, 191147
72, 73, 73, 72, 2, 2, 2.5, 2.5, 0.968071, 9.24874, 0.0595546, 191147
72, 73, 73, 72, 1.5, 1.5, 2, 2, 0.957879, 9.15142, 0.153436, 191152
72, 73, 73, 72, 1, 1, 1.5, 1.5, 0.953337, 9.14534, 0.0358201, 191093
72, 73, 73, 72, 0.5, 0.5, 1, 1, 0.957222, 9.26575, -0.0922092, 191204
72, 73, 73, 72, 0, 0, 0.5, 0.5, 0.966637, 9.11732, -0.0710998, 191166
72, 73, 73, 72, -0.5, -0.5, 0, 0, 0.965993, 9.05206, -0.0299623, 191042
72, 73, 73, 72, -1, -1, -0.5, -0.5, 0.957615, 9.04454, 0.0356643, 191063
72, 73, 73, 72, -1.5, -1.5, -1, -1, 0.950105, 8.86162, 0.0860944, 191199
72, 73, 73, 72, -2, -2, -1.5, -1.5, 0.945536, 8.81998, -0.0834806, 191135
72, 73, 73, 72, -2.5, -2.5, -2, -2, 0.966555, 9.02721, -0.104961, 191184
72, 73, 73, 72, -3, -3, -2.5, -2.5, 0.966555, 9.02721, 0.104961, 191184
73, 74, 74, 73, 2.5, 2.5, 3, 3, 0.96841, 8.72112, -0.0490537, 190695
73, 74, 74, 73, 2, 2, 2.5, 2.5, 0.96841, 8.72112, 0.0490537, 190695
73, 74, 74, 73, 1.5, 1.5, 2, 2, 0.965178, 8.72572, 0.144305, 190774
73, 74, 74, 73, 1, 1, 1.5, 1.5, 0.954664, 8.75112, 0.10233, 191054
73, 74, 74, 73, 0.5, 0.5, 1, 1, 0.965032, 8.84374, 0.0979887, 191080
73, 74, 74, 73, 0, 0, 0.5, 0.5, 0.967948, 8.59096, 0.155209, 190791
73, 74, 74, 73, -0.5, -0.5, 0, 0, 0.938647, 8.42154, 0.147205, 190710
73, 74, 74, 73, -1, -1, -0.5, -0.5, 0.957514, 8.62341, 0.163047, 190702
73, 74, 74, 73, -1.5, -1.5, -1, -1, 0.955683, 8.68138, 0.0606451, 190944
73, 74, 74, 73, -2, -2, -1.5, -1.5, 0.946904, 8.47106, -0.164163, 190951
73, 74, 74, 73, -2.5, -2.5, -2, -2, 0.967903, 8.53621, -0.0876867, 190894
73, 74, 74, 73, -3, -3, -2.5, -2.5, 0.967903, 8.53621, 0.0876867, 190894
74, 75, 75, 74, 2.5, 2.5, 3, 3, 0.963334, 8.24108, -0.0641609, 190349
74, 75, 75, 74, 2, 2, 2.5, 2.5, 0.963334, 8.24108, 0.0641609, 190349
74, 75, 75, 74, 1.5, 1.5, 2, 2, 0.954084, 8.26728, 0.122325, 190324
74, 75, 75, 74, 1, 1, 1.5, 1.5, 0.955299, 8.35871, 0.0334611, 190414
74, 75, 75, 74, 0.5, 0.5, 1, 1, 0.964962, 8.35596, 0.109389, 190528
74, 75, 75, 74, 0, 0, 0.5, 0.5, 0.93946, 8.13245, 0.194476, 190536
74, 75, 75, 74, -0.5, -0.5, 0, 0, 0.938441, 8.17877, 0.0495575, 190605
74, 75, 75, 74, -1, -1, -0.5, -0.5, 0.965758, 8.37659, 0.0888835, 190608
74, 75, 75, 74, -1.5, -1.5, -1, -1, 0.960513, 8.51828, 0.101959, 190788
74, 75, 75, 74, -2, -2, -1.5, -1.5, 0.949118, 8.25586, -0.0234912, 190676
74, 75, 75, 74, -2.5, -2.5, -2, -2, 0.95509, 8.23073, -0.00201113, 190595
74, 75, 75, 74, -3, -3, -2.5, -2.5, 0.95509, 8.23073, 0.00201113, 190595
75, 76, 76, 75, 2.5, 2.5, 3, 3, 0.963758, 7.7689, -0.0497846, 189982
75, 76, 76, 75, 2, 2, 2.5, 2.5, 0.963758, 7.7689, 0.0497846, 189982
75, 76, 76, 75, 1.5, 1.5, 2, 2, 0.955266, 7.87433, 0.135177, 190048
75, 76, 76, 75, 1, 1, 1.5, 1.5, 0.957386, 8.00651, 0.0649649, 190103
75, 76, 76, 75, 0.5, 0.5, 1, 1, 0.965459, 7.92285, 0.0567722, 190139
75, 76, 76, 75, 0, 0, 0.5, 0.5, 0.940496, 7.7782, 0.135736, 190318
75, 76, 76, 75, -0.5, -0.5, 0, 0, 0.938955, 7.87202, 0.0369019, 190281
75, 76, 76, 75, -1, -1, -0.5, -0.5, 0.953694, 7.95323, -0.0372137, 190206
75, 76, 76, 75, -1.5, -1.5, -1, -1, 0.965805, 8.00835, -0.0586168, 190273
75, 76, 76, 75, -2, -2, -1.5, -1.5, 0.96318, 7.87398, -0.0949295, 190235
75, 76, 76, 75, -2.5, -2.5, -2, -2, 0.956385, 7.82931, -0.0356021, 190431
75, 76, 76, 75, -3, -3, -2.5, -2.5, 0.956385, 7.82931, 0.0356021, 190431
76, 77, 77, 76, 2.5, 2.5, 3, 3, 0.96277, 7.27357, -0.0272609, 189651
76, 77, 77, 76, 2, 2, 2.5, 2.5, 0.96277, 7.27357, 0.0272609, 189651
76, 77, 77, 76, 1.5, 1.5, 2, 2, 0.961379, 7.4666, 0.0836088, 189669
76, 77, 77, 76, 1, 1, 1.5, 1.5, 0.964529, 7.5971, 0.137267, 189707
76, 77, 77, 76, 0.5, 0.5, 1, 1, 0.962291, 7.47709, 0.245101, 189800
76, 77, 77, 76, 0, 0, 0.5, 0.5, 0.940502, 7.38619, 0.271588, 189881
76, 77, 77, 76, -0.5, -0.5, 0, 0, 0.941056, 7.50402, 0.101264, 189981
76, 77, 77, 76, -1, -1, -0.5, -0.5, 0.954788, 7.56126, 0.153391, 189975
76, 77, 77, 76, -1.5, -1.5, -1, -1, 0.953834, 7.50639, 0.144429, 190181
76, 77, 77, 76, -2, -2, -1.5, -1.5, 0.939994, 7.37974, -0.00334915, 189832
76, 77, 77, 76, -2.5, -2.5, -2, -2, 0.956411, 7.41431, -0.0222075, 189829
76, 77, 77, 76, -3, -3, -2.5, -2.5, 0.956411, 7.41431, 0.0222075, 189829
77, 78, 78, 77, 2.5, 2.5, 3, 3, 0.9633, 6.85236, 0.0289024, 189330
77, 78, 78, 77, 2, 2, 2.5, 2.5, 0.9633, 6.85236, -0.0289024, 189330
77, 78, 78, 77, 1.5, 1.5, 2, 2, 0.954658, 6.956, -0.0247329, 189387
77, 78, 78, 77, 1, 1, 1.5, 1.5, 0.961438, 7.09234, 0.0533256, 189401
77, 78, 78, 77, 0.5, 0.5, 1, 1, 0.963699, 7.07119, 0.165678, 189483
77, 78, 78, 77, 0, 0, 0.5, 0.5, 0.942311, 7.04576, 0.200967, 189612
77, 78, 78, 77, -0.5, -0.5, 0, 0, 0.945493, 7.20127, 0.0271078, 189633
77, 78, 78, 77, -1, -1, -0.5, -0.5, 0.960941, 7.2025, 0.0527961, 189563
77, 78, 78, 77, -1.5, -1.5, -1, -1, 0.954644, 7.14054, 0.0984107, 189591
77, 78, 78, 77, -2, -2, -1.5, -1.5, 0.94074, 7.09788, 0.0828615, 189636
77, 78, 78, 77, -2.5, -2.5, -2, -2, 0.957292, 7.17289, 0.0323909, 189449
77, 78, 78, 77, -3, -3, -2.5, -2.5, 0.957292, 7.17289, -0.0323909, 189449
78, 79, 79, 78, 2.5, 2.5, 3, 3, 0.947927, 6.50359, 0.0344878, 189017
78, 79, 79, 78, 2, 2, 2.5, 2.5, 0.947927, 6.50359, -0.0344878, 189017
78, 79, 79, 78, 1.5, 1.5, 2, 2, 0.954811, 6.63909, -0.103977, 189126
78, 79, 79, 78, 1, 1, 1.5, 1.5, 0.961995, 6.69735, -0.0860465, 189142
78, 79, 79, 78, 0.5, 0.5, 1, 1, 0.961146, 6.67087, 0.00687819, 189190
78, 79, 79, 78, 0, 0, 0.5, 0.5, 0.945786, 6.6805, 0.0322061, 189322
78, 79, 79, 78, -0.5, -0.5, 0, 0, 0.960543, 6.84382, -0.0470612, 189247
78, 79, 79, 78, -1, -1, -0.5, -0.5, 0.960793, 6.75898, -0.0143176, 189277
78, 79, 79, 78, -1.5, -1.5, -1, -1, 0.961234, 6.78039, 0.0622868, 189242
78, 79, 79, 78, -2, -2, -1.5, -1.5, 0.941556, 6.80191, 0.033878, 189246
78, 79, 79, 78, -2.5, -2.5, -2, -2, 0.963167, 6.84073, -0.00319066, 189258
78, 79, 79, 78, -3, -3, -2.5, -2.5, 0.963167, 6.84073, 0.00319066, 189258
79, 80, 80, 79, 2.5, 2.5, 3, 3, 0.948642, 6.28272, 0.0769551, 188996
79, 80, 80, 79, 2, 2, 2.5, 2.5, 0.948642, 6.28272, -0.0769551, 188996
79, 80, 80, 79, 1.5, 1.5, 2, 2, 0.960528, 6.31178, -0.0963638, 188886
79, 80, 80, 79, 1, 1, 1.5, 1.5, 0.959745, 6.23462, -0.00582992, 188867
79, 80, 80, 79, 0.5, 0.5, 1, 1, 0.961146, 6.31957, 0.11054, 188893
79, 80, 80, 79, 0, 0, 0.5, 0.5, 0.950355, 6.39293, 0.0658615, 188926
79, 80, 80, 79, -0.5, -0.5, 0, 0, 0.951825, 6.40651, -0.0669225, 188884
79, 80, 80, 79, -1, -1, -0.5, -0.5, 0.960604, 6.34833, -0.0389191, 188889
79, 80, 80, 79, -1.5, -1.5, -1, -1, 0.959426, 6.3981, 0.0176244, 188922
79, 80, 80, 79, -2, -2, -1.5, -1.5, 0.945008, 6.47659, 0.0244972, 188987
79, 80, 80, 79, -2.5, -2.5, -2, -2, 0.95328, 6.41679, 0.0505809, 189242
79, 80, 80, 79, -3, -3, -2.5, -2.5, 0.95328, 6.41679, -0.0505809, 189242
80, 81, 81, 80, 2.5, 2.5, 3, 3, 0.949765, 5.91992, 0.0511944, 188606
80, 81, 81, 80, 2, 2, 2.5, 2.5, 0.949765, 5.91992, -0.0511944, 188606
80, 81, 81, 80, 1.5, 1.5, 2, 2, 0.951626, 5.90847, -0.091283, 188512
80, 81, 81, 80, 1, 1, 1.5, 1.5, 0.960271, 5.82571, -0.100215, 188577
80, 81, 81, 80, 0.5, 0.5, 1, 1, 0.957829, 5.91865, -0.0639226, 188755
80, 81, 81, 80, 0, 0, 0.5, 0.5, 0.959859, 6.02567, -0.0321316, 188606
80, 81, 81, 80, -0.5, -0.5, 0, 0, 0.95265, 6.00654, -0.100712, 188645
80, 81, 81, 80, -1, -1, -0.5, -0.5, 0.958551, 5.9363, -0.116724, 188637
80, 81, 81, 80, -1.5, -1.5, -1, -1, 0.960317, 5.95344, -0.0648136, 188622
80, 81, 81, 80, -2, -2, -1.5, -1.5, 0.959056, 6.08326, -0.0187644, 188649
80, 81, 81, 80, -2.5, -2.5, -2, -2, 0.953506, 5.9762, -0.00568527, 188649
80, 81, 81, 80, -3, -3, -2.5, -2.5, 0.953506, 5.9762, 0.00568527, 188649
81, 82, 82, 81, 2.5, 2.5, 3, 3, 0.951891, 5.55943, 0.0361945, 188323
81, 82, 82, 81, 2, 2, 2.5, 2.5, 0.951891, 5.55943, -0.0361945, 188323
81, 82, 82, 81, 1.5, 1.5, 2, 2, 0.952777, 5.52731, -0.065387, 188371
81, 82, 82, 81, 1, 1, 1.5, 1.5, 0.949008, 5.43531, -0.0838334, 188465
81, 82, 82, 81, 0.5, 0.5, 1, 1, 0.958053, 5.54925, -0.0803155, 188305
81, 82, 82, 81, 0, 0, 0.5, 0.5, 0.943141, 5.51234, -0.0952445, 188279
81, 82, 82, 81, -0.5, -0.5, 0, 0, 0.957932, 5.57585, -0.131703, 188368
81, 82, 82, 81, -1, -1, -0.5, -0.5, 0.95924, 5.51875, -0.138964, 188368
81, 82, 82, 81, -1.5, -1.5, -1, -1, 0.958697, 5.53033, -0.088471, 188419
81, 82, 82, 81, -2, -2, -1.5, -1.5, 0.951788, 5.61839, -0.0570129, 188381
81, 82, 82, 81, -2.5, -2.5, -2, -2, 0.958723, 5.54175, -0.0336764, 188420
81, 82, 82, 81, -3, -3, -2.5, -2.5, 0.958723, 5.54175, 0.0336764, 188420
82, 83, 83, 82, 2.5, 2.5, 3, 3, 0.959522, 5.22324, 0.00876038, 188040
82, 83, 83, 82, 2, 2, 2.5, 2.5, 0.959522, 5.22324, -0.00876038, 188040
82, 83, 83, 82, 1.5, 1.5, 2, 2, 0.957714, 5.17994, -0.0403846, 188032
82, 83, 83, 82, 1, 1, 1.5, 1.5, 0.949183, 5.10393, -0.0558227, 188067
82, 83, 83, 82, 0.5, 0.5, 1, 1, 0.957092, 5.17876, 0.00771443, 188070
82, 83, 83, 82, 0, 0, 0.5, 0.5, 0.943096, 5.25257, 0.0602501, 188196
82, 83, 83, 82, -0.5, -0.5, 0, 0, 0.950661, 5.23088, -0.0400208, 188081
82, 83, 83, 82, -1, -1, -0.5, -0.5, 0.951343, 5.17398, -0.128436, 188156
82, 83, 83, 82, -1.5, -1.5, -1, -1, 0.959173, 5.14621, -0.0876241, 188162
82, 83, 83, 82, -2, -2, -1.5, -1.5, 0.952727, 5.24076, -0.00603166, 188232
82, 83, 83, 82, -2.5, -2.5, -2, -2, 0.95113, 5.22546, 0.0614172, 188227
82, 83, 83, 82, -3, -3, -2.5, -2.5, 0.95113, 5.22546, -0.0614172, 188227
83, 84, 84, 83, 2.5, 2.5, 3, 3, 0.943467, 4.8698, 0.00549032, 187857
83, 84, 84, 83, 2, 2, 2.5, 2.5, 0.943467, 4.8698, -0.00549032, 187857
83, 84, 84, 83, 1.5, 1.5, 2, 2, 0.949449, 4.92382, -0.0302964, 187797
83, 84, 84, 83, 1, 1, 1.5, 1.5, 0.949523, 4.90794, -0.111024, 187894
83, 84, 84, 83, 0.5, 0.5, 1, 1, 0.957368, 4.89146, -0.0637005, 187847
83, 84, 84, 83, 0, 0, 0.5, 0.5, 0.944165, 4.95719, -0.0255771, 187879
83, 84, 84, 83, -0.5, -0.5, 0, 0, 0.951601, 4.88527, -0.0487365, 187851
83, 84, 84, 83, -1, -1, -0.5, -0.5, 0.951887, 4.86741, -0.0420786, 187862
83, 84, 84, 83, -1.5, -1.5, -1, -1, 0.939483, 4.8028, -0.122602, 187872
83, 84, 84, 83, -2, -2, -1.5, -1.5, 0.956897, 4.83519, -0.124866, 187820
83, 84, 84, 83, -2.5, -2.5, -2, -2, 0.951993, 4.85044, -0.0483623, 187851
83, 84, 84, 83, -3, -3, -2.5, -2.5, 0.951993, 4.85044, 0.0483623, 187851
84, 85, 85, 84, 2.5, 2.5, 3, 3, 0.943763, 4.63664, 0.0583586, 187672
84, 85, 85, 84, 2, 2, 2.5, 2.5, 0.943763, 4.63664, -0.0583586, 187672
84, 85, 85, 84, 1.5, 1.5, 2, 2, 0.950764, 4.64731, -0.0676659, 187657
84, 85, 85, 84, 1, 1, 1.5, 1.5, 0.951058, 4.64191, -0.0783497, 187581
84, 85, 85, 84, 0.5, 0.5, 1, 1, 0.950231, 4.54045, -0.032928, 187554
84, 85, 85, 84, 0, 0, 0.5, 0.5, 0.946133, 4.67127, 0.0103577, 187600
84, 85, 85, 84, -0.5, -0.5, 0, 0, 0.95619, 4.60739, -0.0299754, 187542
84, 85, 85, 84, -1, -1, -0.5, -0.5, 0.956576, 4.58046, -0.0732702, 187598
84, 85, 85, 84, -1.5, -1.5, -1, -1, 0.939905, 4.55887, -0.0619475, 187607
84, 85, 85, 84, -2, -2, -1.5, -1.5, 0.946112, 4.53374, -0.0879972, 187583
84, 85, 85, 84, -2.5, -2.5, -2, -2, 0.956106, 4.54116, -0.0787282, 187575
84, 85, 85, 84, -3, -3, -2.5, -2.5, 0.956106, 4.54116, 0.0787282, 187575
85, 86, 86, 85, 2.5, 2.5, 3, 3, 0.945357, 4.29397, 0.0095185, 187330
85, 86, 86, 85, 2, 2, 2.5, 2.5, 0.945357, 4.29397, -0.0095185, 187330
85, 86, 86, 85, 1.5, 1.5, 2, 2, 0.955355, 4.33104, -0.0363396, 187345
85, 86, 86, 85, 1, 1, 1.5, 1.5, 0.956059, 4.32086, -0.00131661, 187332
85, 86, 86, 85, 0.5, 0.5, 1, 1, 0.950484, 4.26903, 0.0405898, 187353
85, 86, 86, 85, 0, 0, 0.5, 0.5, 0.955199, 4.38937, 0.012113, 187363
85, 86, 86, 85, -0.5, -0.5, 0, 0, 0.949695, 4.27614, 0.0292522, 187338
85, 86, 86, 85, -1, -1, -0.5, -0.5, 0.955048, 4.27692, 0.0322592, 187357
85, 86, 86, 85, -1.5, -1.5, -1, -1, 0.940347, 4.30273, -0.000985139, 187330
85, 86, 86, 85, -2, -2, -1.5, -1.5, 0.946625, 4.28794, -0.0640584, 187402
85, 86, 86, 85, -2.5, -2.5, -2, -2, 0.950053, 4.19923, -0.0468316, 187335
85, 86, 86, 85, -3, -3, -2.5, -2.5, 0.950053, 4.19923, 0.0468316, 187335
86, 87, 87, 86, 2.5, 2.5, 3, 3, 0.953825, 3.99196, 0.0232784, 187071
86, 87, 87, 86, 2, 2, 2.5, 2.5, 0.953825, 3.99196, -0.0232784, 187071
86, 87, 87, 86, 1.5, 1.5, 2, 2, 0.949059, 3.94904, -0.052078, 187094
86, 87, 87, 86, 1, 1, 1.5, 1.5, 0.944302, 3.91304, -0.0231032, 187072
86, 87, 87, 86, 0.5, 0.5, 1, 1, 0.954649, 3.93345, 0.0304232, 187101
86, 87, 87, 86, 0, 0, 0.5, 0.5, 0.954434, 4.01835, 0.0323431, 187135
86, 87, 87, 86, -0.5, -0.5, 0, 0, 0.949707, 3.95773, 0.0193598, 187076
86, 87, 87, 86, -1, -1, -0.5, -0.5, 0.955334, 3.95426, 0.000485068, 187134
86, 87, 87, 86, -1.5, -1.5, -1, -1, 0.943116, 4.00196, -0.010078, 187172
86, 87, 87, 86, -2, -2, -1.5, -1.5, 0.947576, 4.0198, -0.0182861, 187127
86, 87, 87, 86, -2.5, -2.5, -2, -2, 0.950328, 3.93032, -0.0158343, 187173
86, 87, 87, 86, -3, -3, -2.5, -2.5, 0.950328, 3.93032, 0.0158343, 187173
87, 88, 88, 87, 2.5, 2.5, 3, 3, 0.953694, 3.62321, 0.00262148, 186890
87, 88, 88, 87, 2, 2, 2.5, 2.5, 0.953694, 3.62321, -0.00262148, 186890
87, 88, 88, 87, 1.5, 1.5, 2, 2, 0.94939, 3.59936, -0.00109292, 186928
87, 88, 88, 87, 1, 1, 1.5, 1.5, 0.944211, 3.61537, -0.00802941, 186917
87, 88, 88, 87, 0.5, 0.5, 1, 1, 0.948423, 3.59859, -0.031503, 186923
87, 88, 88, 87, 0, 0, 0.5, 0.5, 0.954752, 3.65214, -0.0214923, 186933
87, 88, 88, 87, -0.5, -0.5, 0, 0, 0.954583, 3.64931, -0.028667, 186912
87, 88, 88, 87, -1, -1, -0.5, -0.5, 0.949128, 3.6015, -0.0437062, 186890
87, 88, 88, 87, -1.5, -1.5, -1, -1, 0.953547, 3.68733, -0.0631543, 186921
87, 88, 88, 87, -2, -2, -1.5, -1.5, 0.954027, 3.69885, -0.063999, 186847
87, 88, 88, 87, -2.5, -2.5, -2, -2, 0.95402, 3.60585, -0.0347542, 186865
87, 88, 88, 87, -3, -3, -2.5, -2.5, 0.95402, 3.60585, 0.0347542, 186865
88, 89, 89, 88, 2.5, 2.5, 3, 3, 0.95419, 3.29107, 0.00549892, 186682
88, 89, 89, 88, 2, 2, 2.5, 2.5, 0.95419, 3.29107, -0.00549892, 186682
88, 89, 89, 88, 1.5, 1.5, 2, 2, 0.952924, 3.29969, -0.01738, 186711
88, 89, 89, 88, 1, 1, 1.5, 1.5, 0.945154, 3.30486, -0.016375, 186695
88, 89, 89, 88, 0.5, 0.5, 1, 1, 0.948818, 3.2922, 0.00757242, 186706
88, 89, 89, 88, 0, 0, 0.5, 0.5, 0.952609, 3.3136, 0.00245267, 186721
88, 89, 89, 88, -0.5, -0.5, 0, 0, 0.947936, 3.3027, 0.0152939, 186660
88, 89, 89, 88, -1, -1, -0.5, -0.5, 0.949368, 3.30402, 0.00704999, 186717
88, 89, 89, 88, -1.5, -1.5, -1, -1, 0.952632, 3.33924, -0.0476522, 186690
88, 89, 89, 88, -2, -2, -1.5, -1.5, 0.948791, 3.32075, -0.0455096, 186707
88, 89, 89, 88, -2.5, -2.5, -2, -2, 0.943893, 3.20063, -0.0191772, 186652
88, 89, 89, 88, -3, -3, -2.5, -2.5, 0.943893, 3.20063, 0.0191772, 186652
89, 90, 90, 89, 2.5, 2.5, 3, 3, 0.947547, 2.96562, 0.00184426, 186467
89, 90, 90, 89, 2, 2, 2.5, 2.5, 0.947547, 2.96562, -0.00184426, 186467
89, 90, 90, 89, 1.5, 1.5, 2, 2, 0.951919, 3.021, -0.0216857, 186523
89, 90, 90, 89, 1, 1, 1.5, 1.5, 0.951998, 3.02406, -0.0276248, 186482
89, 90, 90, 89, 0.5, 0.5, 1, 1, 0.952155, 3.02961, -0.00879479, 186535
89, 90, 90, 89, 0, 0, 0.5, 0.5, 0.952825, 3.02564, -0.026086, 186537
89, 90, 90, 89, -0.5, -0.5, 0, 0, 0.948357, 2.99077, -0.0109843, 186528
89, 90, 90, 89, -1, -1, -0.5, -0.5, 0.952388, 3.02064, 0.00188681, 186548
89, 90, 90, 89, -1.5, -1.5, -1, -1, 0.953137, 3.03957, -0.0255295, 186550
89, 90, 90, 89, -2, -2, -1.5, -1.5, 0.948979, 2.97423, -0.00687188, 186546
89, 90, 90, 89, -2.5, -2.5, -2, -2, 0.944085, 2.92566, 0.0166159, 186587
89, 90, 90, 89, -3, -3, -2.5, -2.5, 0.944085, 2.92566, -0.0166159, 186587
90, 91, 91, 90, 2.5, 2.5, 3, 3, 0.947502, 2.74197, 0.0347269, 186343
90, 91, 91, 90, 2, 2, 2.5, 2.5, 0.947502, 2.74197, -0.0347269, 186343
90, 91, 91, 90, 1.5, 1.5, 2, 2, 0.952138, 2.70572, -0.0573332, 186351
90, 91, 91, 90, 1, 1, 1.5, 1.5, 0.951259, 2.72662, -0.0442557, 186353
90, 91, 91, 90, 0.5, 0.5, 1, 1, 0.947206, 2.69425, -0.0132842, 186333
90, 91, 91, 90, 0, 0, 0.5, 0.5, 0.947587, 2.71316, 0.00719672, 186354
90, 91, 91, 90, -0.5, -0.5, 0, 0, 0.951634, 2.6906, 0.0115435, 186352
90, 91, 91, 90, -1, -1, -0.5, -0.5, 0.947696, 2.72742, 0.00232641, 186342
90, 91, 91, 90, -1.5, -1.5, -1, -1, 0.950989, 2.73971, 0.0261557, 186344
90, 91, 91, 90, -2, -2, -1.5, -1.5, 0.952081, 2.68129, 0.0516909, 186384
90, 91, 91, 90, -2.5, -2.5, -2, -2, 0.944832, 2.67387, 0.00697546, 186375
90, 91, 91, 90, -3, -3, -2.5, -2.5, 0.944832, 2.67387, -0.00697546, 186375
91, 92, 92, 91, 2.5, 2.5, 3, 3, 0.94824, 2.46099, -0.00106481, 186200
91, 92, 92, 91, 2, 2, 2.5, 2.5, 0.94824, 2.46099, 0.00106481, 186200
91, 92, 92, 91, 1.5, 1.5, 2, 2, 0.950678, 2.4163, -0.00937698, 186201
91, 92, 92, 91, 1, 1, 1.5, 1.5, 0.951511, 2.43959, -0.0102037, 186238
91, 92, 92, 91, 0.5, 0.5, 1, 1, 0.947526, 2.44447, -0.00635839, 186245
91, 92, 92, 91, 0, 0, 0.5, 0.5, 0.94762, 2.4485, -0.0204189, 186196
91, 92, 92, 91, -0.5, -0.5, 0, 0, 0.944118, 2.41593, -0.051743, 186234
91, 92, 92, 91, -1, -1, -0.5, -0.5, 0.947996, 2.43707, -0.0296947, 186217
91, 92, 92, 91, -1.5, -1.5, -1, -1, 0.95153, 2.43823, 0.0330191, 186232
91, 92, 92, 91, -2, -2, -1.5, -1.5, 0.944632, 2.41742, 0.0452444, 186236
91, 92, 92, 91, -2.5, -2.5, -2, -2, 0.95042, 2.43981, 0.0103687, 186188
91, 92, 92, 91, -3, -3, -2.5, -2.5, 0.95042, 2.43981, -0.0103687, 186188
92, 93, 93, 92, 2.5, 2.5, 3, 3, 0.951372, 2.15704, -0.00126304, 186010
92, 93, 93, 92, 2, 2, 2.5, 2.5, 0.951372, 2.15704, 0.00126304, 186010
92, 93, 93, 92, 1.5, 1.5, 2, 2, 0.951064, 2.11274, -0.00859847, 186052
92, 93, 93, 92, 1, 1, 1.5, 1.5, 0.947152, 2.13153, -0.0304266, 186108
92, 93, 93, 92, 0.5, 0.5, 1, 1, 0.950635, 2.1506, -0.0119502, 186097
92, 93, 93, 92, 0, 0, 0.5, 0.5, 0.950905, 2.15964, 0.00673264, 186124
92, 93, 93, 92, -0.5, -0.5, 0, 0, 0.944544, 2.13689, -0.00933508, 186149
92, 93, 93, 92, -1, -1, -0.5, -0.5, 0.95054, 2.12338, 0.00895551, 186090
92, 93, 93, 92, -1.5, -1.5, -1, -1, 0.94777, 2.11391, 0.0380534, 186115
92, 93, 93, 92, -2, -2, -1.5, -1.5, 0.944636, 2.12518, 0.0128053, 186059
92, 93, 93, 92, -2.5, -2.5, -2, -2, 0.94944, 2.10844, 0.00114914, 186049
92, 93, 93, 92, -3, -3, -2.5, -2.5, 0.94944, 2.10844, -0.00114914, 186049
93, 94, 94, 93, 2.5, 2.5, 3, 3, 0.950108, 1.88254, 0.00605695, 185966
93, 94, 94, 93, 2, 2, 2.5, 2.5, 0.950108, 1.88254, -0.00605695, 185966
93, 94, 94, 93, 1.5, 1.5, 2, 2, 0.944409, 1.84026, -0.0228015, 185925
93, 94, 94, 93, 1, 1, 1.5, 1.5, 0.94711, 1.87112, -0.0385703, 185968
93, 94, 94, 93, 0.5, 0.5, 1, 1, 0.949107, 1.88333, -0.0491688, 185917
93, 94, 94, 93, 0, 0, 0.5, 0.5, 0.949488, 1.8531, -0.0190099, 185966
93, 94, 94, 93, -0.5, -0.5, 0, 0, 0.945385, 1.87321, 0.0225025, 186007
93, 94, 94, 93, -1, -1, -0.5, -0.5, 0.949769, 1.86331, 0.0159199, 186005
93, 94, 94, 93, -1.5, -1.5, -1, -1, 0.947892, 1.84506, 0.0276371, 186008
93, 94, 94, 93, -2, -2, -1.5, -1.5, 0.94544, 1.89005, 0.00665947, 185958
93, 94, 94, 93, -2.5, -2.5, -2, -2, 0.9497, 1.82762, -0.00234528, 185962
93, 94, 94, 93, -3, -3, -2.5, -2.5, 0.9497, 1.82762, 0.00234528, 185962
94, 95, 95, 94, 2.5, 2.5, 3, 3, 0.950507, 1.63154, 0.032155, 185845
94, 95, 95, 94, 2, 2, 2.5, 2.5, 0.950507, 1.63154, -0.032155, 185845
94, 95, 95, 94, 1.5, 1.5, 2, 2, 0.944814, 1.56968, -0.0215556, 185850
94, 95, 95, 94, 1, 1, 1.5, 1.5, 0.949016, 1.63051, -0.00608051, 185790
94, 95, 95, 94, 0.5, 0.5, 1, 1, 0.949612, 1.61614, -0.00417001, 185832
94, 95, 95, 94, 0, 0, 0.5, 0.5, 0.949706, 1.57719, 0.0102177, 185852
94, 95, 95, 94, -0.5, -0.5, 0, 0, 0.949509, 1.59632, 0.0146148, 185823
94, 95, 95, 94, -1, -1, -0.5, -0.5, 0.94984, 1.57284, 0.0439726, 185854
94, 95, 95, 94, -1.5, -1.5, -1, -1, 0.949996, 1.59312, 0.0445237, 185857
94, 95, 95, 94, -2, -2, -1.5, -1.5, 0.949937, 1.62316, 0.0101629, 185833
94, 95, 95, 94, -2.5, -2.5, -2, -2, 0.944872, 1.52305, 0.00117519, 185854
94, 95, 95, 94, -3, -3, -2.5, -2.5, 0.944872, 1.52305, -0.00117519, 185854
95, 96, 96, 95, 2.5, 2.5, 3, 3, 0.94428, 1.35524, 0.00890868, 185706
95, 96, 96, 95, 2, 2, 2.5, 2.5, 0.94428, 1.35524, -0.00890868, 185706
95, 96, 96, 95, 1.5, 1.5, 2, 2, 0.945363, 1.34241, -0.0511323, 185738
95, 96, 96, 95, 1, 1, 1.5, 1.5, 0.945892, 1.33948, -0.025784, 185710
95, 96, 96, 95, 0.5, 0.5, 1, 1, 0.948108, 1.33698, 0.0293743, 185729
95, 96, 96, 95, 0, 0, 0.5, 0.5, 0.948498, 1.3176, 0.0448288, 185751
95, 96, 96, 95, -0.5, -0.5, 0, 0, 0.948539, 1.32729, 0.0116787, 185743
95, 96, 96, 95, -1, -1, -0.5, -0.5, 0.94808, 1.31368, 0.0235878, 185711
95, 96, 96, 95, -1.5, -1.5, -1, -1, 0.948307, 1.34519, 0.0374099, 185737
95, 96, 96, 95, -2, -2, -1.5, -1.5, 0.943735, 1.39392, 0.0316545, 185711
95, 96, 96, 95, -2.5, -2.5, -2, -2, 0.945009, 1.28702, 0.0227166, 185805
95, 96, 96, 95, -3, -3, -2.5, -2.5, 0.945009, 1.28702, -0.0227166, 185805
96, 97, 97, 96, 2.5, 2.5, 3, 3, 0.944624, 1.05965, 0.0349466, 185679
96, 97, 97, 96, 2, 2, 2.5, 2.5, 0.944624, 1.05965, -0.0349466, 185679
96, 97, 97, 96, 1.5, 1.5, 2, 2, 0.948446, 1.03977, -0.0166975, 185615
96, 97, 97, 96, 1, 1, 1.5, 1.5, 0.946017, 1.04221, 0.0266177, 185617
96, 97, 97, 96, 0.5, 0.5, 1, 1, 0.948394, 1.06028, 0.0559034, 185641
96, 97, 97, 96, 0, 0, 0.5, 0.5, 0.948456, 1.06776, 0.047934, 185580
96, 97, 97, 96, -0.5, -0.5, 0, 0, 0.948642, 1.07533, 0.0188256, 185633
96, 97, 97, 96, -1, -1, -0.5, -0.5, 0.948423, 1.08682, 0.0200695, 185628
96, 97, 97, 96, -1.5, -1.5, -1, -1, 0.948651, 1.07936, 0.00564407, 185664
96, 97, 97, 96, -2, -2, -1.5, -1.5, 0.944239, 1.12675, 0.0206288, 185677
96, 97, 97, 96, -2.5, -2.5, -2, -2, 0.94551, 1.02275, 0.0326342, 185717
96, 97, 97, 96, -3, -3, -2.5, -2.5, 0.94551, 1.02275, -0.0326342, 185717
97, 98, 98, 97, 2.5, 2.5, 3, 3, 0.944736, 0.809219, 0.0259958, 185557
97, 98, 98, 97, 2, 2, 2.5, 2.5, 0.944736, 0.809219, -0.0259958, 185557
97, 98, 98, 97, 1.5, 1.5, 2, 2, 0.94677, 0.750884, -0.00717596, 185516
97, 98, 98, 97, 1, 1, 1.5, 1.5, 0.947759, 0.792863, 0.0354904, 185546
97, 98, 98, 97, 0.5, 0.5, 1, 1, 0.946032, 0.806637, 0.0219736, 185555
97, 98, 98, 97, 0, 0, 0.5, 0.5, 0.946357, 0.810274, 0.0161544, 185530
97, 98, 98, 97, -0.5, -0.5, 0, 0, 0.946472, 0.804368, 0.0116801, 185547
97, 98, 98, 97, -1, -1, -0.5, -0.5, 0.94669, 0.820866, 0.0215284, 185535
97, 98, 98, 97, -1.5, -1.5, -1, -1, 0.945961, 0.830563, 0.0456809, 185563
97, 98, 98, 97, -2, -2, -1.5, -1.5, 0.944503, 0.874639, 0.0326892, 185618
97, 98, 98, 97, -2.5, -2.5, -2, -2, 0.945852, 0.766903, 0.00451028, 185604
97, 98, 98, 97, -3, -3, -2.5, -2.5, 0.945852, 0.766903, -0.00451028, 185604
98, 99, 99, 98, 2.5, 2.5, 3, 3, 0.945105, 0.577536, 0.0104207, 185498
98, 99, 99, 98, 2, 2, 2.5, 2.5, 0.945105, 0.577536, -0.0104207, 185498
98, 99, 99, 98, 1.5, 1.5, 2, 2, 0.947059, 0.534004, -0.00309545, 185497
98, 99, 99, 98, 1, 1, 1.5, 1.5, 0.945388, 0.560735, 0.00693832, 185439
98, 99, 99, 98, 0.5, 0.5, 1, 1, 0.946208, 0.599163, 0.00463719, 185501
98, 99, 99, 98, 0, 0, 0.5, 0.5, 0.946545, 0.569623, 0.00499737, 185496
98, 99, 99, 98, -0.5, -0.5, 0, 0, 0.94678, 0.560588, 0.0110075, 185521
98, 99, 99, 98, -1, -1, -0.5, -0.5, 0.947012, 0.588685, -0.000919654, 185514
98, 99, 99, 98, -1.5, -1.5, -1, -1, 0.946283, 0.577868, 0.0181072, 185526
98, 99, 99, 98, -2, -2, -1.5, -1.5, 0.944933, 0.646952, 0.0357249, 185562
98, 99, 99, 98, -2.5, -2.5, -2, -2, 0.946824, 0.525893, 0.0033121, 185557
98, 99, 99, 98, -3, -3, -2.5, -2.5, 0.946824, 0.525893, -0.0033121, 185557
99, 100, 100, 99, 2.5, 2.5, 3, 3, 0.94539, 0.425561, 0.00558351, 185495
99, 100, 100, 99, 2, 2, 2.5, 2.5, 0.94539, 0.425561, -0.00558351, 185495
99, 100, 100, 99, 1.5, 1.5, 2, 2, 0.946866, 0.39287, -0.00998321, 185453
99, 100, 100, 99, 1, 1, 1.5, 1.5, 0.945558, 0.402242, -0.0297401, 185484
99, 100, 100, 99, 0.5, 0.5, 1, 1, 0.946016, 0.444926, -0.00227192, 185449
99, 100, 100, 99, 0, 0, 0.5, 0.5, 0.946532, 0.413381, 0.0347186, 185491
99, 100, 100, 99, -0.5, -0.5, 0, 0, 0.946644, 0.405027, 0.00839294, 185508
99, 100, 100, 99, -1, -1, -0.5, -0.5, 0.947007, 0.437557, 0.00144903, 185520
99, 100, 100, 99, -1.5, -1.5, -1, -1, 0.946159, 0.408187, 0.0116634, 185513
99, 100, 100, 99, -2, -2, -1.5, -1.5, 0.945304, 0.478683, 0.0161217, 185559
99, 100, 100, 99, -2.5, -2.5, -2, -2, 0.947998, 0.351026, 0.00232822, 185539
99, 100, 100, 99, -3, -3, -2.5, -2.5, 0.947998, 0.351026, -0.00232822, 185539
100, 101, 101, 100, 2, 2, 2.5, 2.5, 0.94539, 0.425561, -0.00558351, 185495
100, 101, 101, 100, 1.5, 1.5, 2, 2, 0.946866, 0.39287, -0.00998321, 185453
100, 101, 101, 100, 1, 1, 1.5, 1.5, 0.945558, 0.402242, -0.0297401, 185484
100, 101, 101, 100, 0.5, 0.5, 1, 1, 0.946016, 0.444926, -0.00227192, 185449
100, 101, 101, 100, 0, 0, 0.5, 0.5, 0.946532, 0.413381, 0.0347186, 185491
100, 101, 101, 100, -0.5, -0.5, 0, 0, 0.946644, 0.405027, 0.00839294, 185508
100, 101, 101, 100, -1, -1, -0.5, -0.5, 0.947007, 0.437557, 0.00144903, 185520
100, 101, 101, 100, -1.5, -1.5, -1, -1, 0.946159, 0.408187, 0.0116634, 185513
100, 101, 101, 100, -2, -2, -1.5, -1.5, 0.945304, 0.478683, 0.0161217, 185559
100, 101, 101, 100, -2.5, -2.5, -2, -2, 0.947998, 0.351026, 0.00232822, 185539
